,error,freq,rate
0,6.46781993003,15571.46120817319,176.06256482764
1,17.79308701690,15571.62968809379,257.23167501012
2,15.21874350551,15571.73023469198,183.25793929198
3,16.40872697929,15571.82589163678,242.82698432575
4,17.39885688410,15571.92579752770,247.28421829228
5,17.62267723274,15572.02698560915,249.22229147863
6,17.48328264171,15572.12174911650,246.63205228443
7,19.30465346357,15572.22153017528,299.06640547491
8,16.32224071820,15572.31877706779,238.77379672282
9,16.60409645106,15572.42250544344,224.00150769588
10,15.98286216424,15572.51807800637,204.68050421479
11,15.40581271467,15572.61106777305,191.80082152301
12,18.42754377031,15572.71043984562,272.07942320339
13,16.44111228973,15572.80799943859,244.96705590306
14,16.60406295400,15572.91175532675,224.00105579580
15,17.93941173779,15573.01185252865,256.85328724208
16,16.74437210012,15573.10948557821,224.64932553848
17,14.93058728650,15573.20877088745,177.91848137334
18,15.05711398992,15573.30408294610,206.45274558746
19,15.62756872317,15573.40544052563,197.05614369353
20,16.15062880614,15573.50705299693,214.87014105639
21,17.09704202771,15573.60390786654,231.28449761236
22,14.79244730806,15573.70239538915,173.14115668598
23,15.31426223473,15573.80013270190,213.85203393903
24,16.33248914723,15573.90124740720,217.90258353331
25,16.15967771475,15573.99528646798,206.94484808879
26,16.36775349290,15574.08939581824,214.66107462125
27,16.21534845938,15574.19002853222,213.89513660836
28,15.48211280657,15574.29320456212,214.52644791595
29,15.32999182339,15574.39641972460,189.62152658307
30,16.90307788572,15574.49219772319,229.28450390287
31,16.03021070992,15574.58612368836,210.23424252387
32,16.45828409056,15574.68091125161,215.84837227875
33,16.15292404761,15574.78597715490,233.52011402696
34,16.39043229576,15574.88765047286,215.58247808130
35,16.27562085113,15574.98451056263,214.07236929957
36,16.50588575144,15575.08133051669,217.10103119981
37,17.53450490022,15575.17678739394,252.88622603047
38,14.41782480340,15575.27764569618,165.64819561992
39,16.65408882377,15575.37699226443,247.02005667761
40,18.82704953089,15575.47407055764,287.99847882414
41,15.95271858654,15575.56845767946,206.77086518806
42,16.29504655662,15575.67310469931,213.08538366179
43,15.11032568985,15575.77417118822,206.63059608586
44,17.02324818991,15575.87265966117,229.65617380383
45,16.44174976660,15575.97062485910,218.12445949091
46,17.75051012724,15576.06742658416,256.00149771760
47,16.27564545972,15576.17507539010,214.07269297501
48,16.91249104748,15576.27429612523,257.60338894518
49,18.77005039480,15576.37480866021,281.55075592197
50,15.31243243574,15576.46972657305,188.16231995792
51,16.08363732496,15576.56332163496,212.76652269601
52,18.94236810278,15576.66722533974,280.32144895768
53,16.57848362115,15576.77047105325,220.56237914535
54,16.02707349805,15576.87409592185,233.90743700500
55,16.83053616347,15576.97083922980,230.15412051894
56,17.38843651409,15577.06705127958,240.94124405279
57,16.46663769058,15577.16914486314,220.30859736527
58,16.49018880201,15577.27102594029,222.46480949607
59,15.44507968299,15577.37187087935,210.07579581323
60,17.03581403257,15577.47490398987,235.43963411598
61,15.66522620568,15577.58120754877,199.38577821947
62,13.91759482500,15577.68025569745,154.35359348806
63,15.29420385199,15577.77421925359,186.68954991766
64,14.70072090808,15577.87558156967,195.58037108419
65,16.27594827149,15577.97547553278,214.07667584198
66,17.56892214239,15578.07655225864,245.96490999342
67,17.31130250745,15578.18158406827,240.49630046920
68,14.16251633780,15578.28423211675,162.71492467025
69,15.08936446342,15578.38840145232,206.34395562539
70,14.95201807467,15578.48538008026,180.66592179430
71,16.34265135437,15578.58155255574,214.33186316080
72,13.57642858688,15578.68481456133,148.72232374790
73,17.09474823689,15578.79119287209,238.71516786768
74,16.90322281224,15578.89067924523,256.90674470070
75,16.07026417913,15578.99000008361,205.79979613470
76,15.63266613059,15579.09512290135,193.36540099928
77,14.92233642601,15579.19442413222,180.92371400234
78,13.48243281834,15579.29498704756,147.69265169303
79,14.45952731702,15579.39790014594,191.82730702586
80,17.26614818810,15579.50077400098,234.20942909850
81,15.26167766465,15579.60254505291,186.91661448609
82,15.28246455619,15579.70871856796,192.09760076572
83,16.28332897167,15579.80745095851,209.79601807074
84,16.92018658487,15579.90960594447,262.67193243682
85,15.46385029553,15580.01129449046,191.90133547797
86,17.57089824947,15580.11231094069,249.11047654390
87,15.37237014598,15580.22325255009,192.00084158459
88,18.35768123899,15580.32446527618,264.75824402327
89,15.02351946818,15580.42860106332,183.38542593236
90,15.96748772516,15580.52411635072,232.49013058986
91,15.21845890555,15580.62372264390,183.25451225465
92,15.35620319076,15580.73269722859,190.56547003890
93,15.17895738198,15580.83234235916,185.90350206648
94,17.04036409004,15580.93905453313,233.02347425965
95,15.98929763029,15581.04321898633,232.80768760187
96,16.36978662022,15581.14691672005,216.55192206141
97,17.32868044698,15581.24855295557,237.59889565043
98,13.92464602692,15581.34595434699,157.53938610010
99,15.86046988304,15581.44911269969,201.87082452788
100,14.92478065960,15581.55090953463,204.09330595795
101,16.66719155019,15581.65538913042,218.58816792630
102,15.27347165841,15581.76088066741,189.53879872218
103,17.74721076289,15581.86136093729,250.98346155174
104,16.96467474939,15581.96415467204,233.84190380891
105,15.87916542479,15582.06292172955,224.56531102906
106,16.18865920873,15582.16645867384,212.92856747491
107,17.16031603705,15582.27535592868,234.66379246461
108,16.83718012108,15582.37897160728,227.14597831840
109,16.09443801340,15582.48406318789,210.46208656047
110,15.34793683212,15582.58500174033,213.77202345142
111,16.97636445379,15582.68510144244,229.65200165120
112,18.27766552506,15582.78854673307,274.77356294305
113,15.11322070186,15582.89439263890,180.72783382083
114,13.43465651288,15582.99781680148,142.81235767591
115,13.80662781419,15583.09844820389,175.72968274913
116,16.60087573472,15583.20154485369,219.60894369980
117,17.40584392509,15583.30257002726,246.15580543407
118,15.99653709844,15583.40175442109,204.23011398935
119,17.38850544725,15583.50308160144,240.94219921859
120,15.17671147872,15583.60749077331,209.74632564093
121,16.17218972120,15583.71545725800,211.47882207143
122,16.72479081508,15583.81971264456,225.00904789199
123,16.43738727240,15583.91359668320,216.82402971000
124,17.39515336937,15584.01586924123,244.15261224598
125,15.73901192419,15584.12132342033,224.79805438519
126,16.88343146189,15584.22419990279,228.39482743900
127,15.37859592556,15584.33094510030,194.52556136066
128,15.66793215849,15584.42881121615,193.16724079076
129,15.87233339342,15584.53324235190,203.88381400460
130,14.76932638558,15584.63177578256,177.23191662690
131,16.03698409714,15584.73088839513,227.92836923964
132,16.12944972197,15584.83973047128,213.98133121071
133,16.62275685831,15584.94387545502,218.63823060868
134,18.37984808262,15585.04925695363,274.46966292374
135,18.11103843709,15585.14869675963,259.94230308591
136,14.92456318081,15585.25201281404,204.09033198025
137,16.60076801636,15585.35509465673,219.60751871980
138,16.39531192093,15585.45495028289,216.88959005054
139,16.26534979199,15585.55842739959,210.82302874164
140,15.02033743152,15585.65822703435,184.57299645420
141,16.07594770129,15585.76012803575,230.17254260963
142,15.07735319424,15585.86915061843,183.42391813195
143,15.22364981523,15585.97528570610,188.30614858685
144,15.39670944581,15586.07464564216,189.19793319584
145,14.92457363444,15586.17348738405,178.47194300022
146,14.17611277621,15586.27736658411,180.98849209641
147,17.17279681247,15586.38528443944,237.95325269799
148,15.90925328927,15586.49262613321,203.11574891233
149,16.04727187354,15586.59491356317,209.23082678983
150,17.78815613654,15586.69098011368,255.30807026030
151,14.31228638730,15586.79090604551,183.84464737729
152,15.48825639060,15586.89598254768,192.20420715283
153,16.37417548113,15586.99915055839,217.84423613120
154,16.34785610839,15587.09998611240,215.64303254512
155,16.25431756993,15587.19907926373,213.17337643861
156,16.32219784077,15587.29911273219,238.77316948012
157,15.38002954552,15587.40492821740,190.86114732559
158,16.64451627668,15587.50893766410,219.55624892661
159,15.61762565153,15587.61060682508,200.61203382048
160,16.90886122742,15587.71418016806,226.22514505120
161,13.34873501062,15587.81536078303,163.48794743819
162,15.62358163048,15587.91979151597,194.51202266046
163,16.62302670524,15588.02450046685,218.64177989090
164,17.35638641568,15588.12478302695,241.74648908648
165,17.90820414884,15588.22142719335,261.97444155686
166,15.15520801230,15588.32110967041,206.13311483303
167,15.30316173930,15588.42336864357,188.67004903087
168,16.88499025283,15588.52661246261,228.41591437204
169,16.33559842853,15588.63226851341,214.86125116260
170,16.34927156942,15588.72746576588,217.51291113528
171,14.23913284027,15588.83058580050,182.34987321909
172,17.23546358345,15588.93398245923,240.06222892754
173,15.57843911229,15589.02986341340,195.81794324759
174,17.62270864657,15589.13664441089,249.22273573728
175,15.90933836795,15589.24120003164,203.11683512413
176,16.02883701657,15589.34342979658,232.83230660264
177,15.73708544515,15589.44322873411,198.43709701305
178,16.92035489621,15589.54249562993,232.61642129220
179,18.96056270217,15589.64360471408,286.92537844898
180,17.38329263486,15589.74562740879,242.12124935425
181,16.10205758812,15589.84790638364,236.10251077192
182,17.05415382052,15589.94865359043,236.30928717792
183,16.83469991524,15590.05091482966,224.60291088952
184,14.82044988985,15590.15367933134,177.22680411286
185,18.05535870725,15590.25543236383,259.77137535878
186,16.26593299486,15590.35646199845,241.26277533529
187,15.42057679707,15590.45913703444,189.49122011825
188,16.01591889230,15590.56134039425,206.97128515835
189,17.75441832454,15590.66718658931,252.96152300034
190,15.27357866282,15590.77109384101,189.54012661201
191,14.83491338152,15590.87163771339,200.68298849635
192,15.59776915313,15590.97089926724,193.56322479580
193,17.56868034358,15591.06926476069,245.96152481015
194,17.58693722291,15591.17561648008,249.95734215725
195,18.52066583910,15591.28070602007,277.19194457941
196,15.83409668448,15591.38286431226,203.39265458528
197,15.70252090792,15591.48401301393,222.06718031422
198,16.71629816091,15591.58321172828,223.02323445866
199,16.97544120684,15591.68510879212,230.89096294767
200,14.87151974798,15591.79210555893,179.69325681206
201,16.16799958500,15591.89913616159,208.31010286676
202,15.22547931622,15592.00101111926,213.69978572874
203,17.32871601827,15592.09972468764,237.59938337932
204,17.28027578466,15592.20537290863,241.30591907959
205,16.36198340193,15592.31168939657,213.33416309555
206,15.51919090446,15592.41508920992,195.68955139792
207,15.87593908874,15592.51738267492,228.41498743199
208,16.74251639801,15592.61927702423,223.37302937037
209,15.37256890837,15592.72441459184,192.00332412606
210,15.41349167029,15592.82533484440,190.65436264859
211,15.84856321655,15592.93441673351,199.84277822477
212,14.08663039154,15593.03811175417,180.94604362908
213,16.99446695050,15593.13827613999,231.77362811435
214,15.92325015405,15593.24200884888,202.04339427563
215,17.70154327363,15593.34483553087,252.82860872675
216,18.38726816467,15593.45456236495,274.58046837810
217,14.84423474779,15593.55836294978,197.48969853842
218,18.23994558976,15593.65858207055,271.76906843144
219,16.60088225374,15593.75938745167,219.60902993837
220,17.10178106641,15593.86087904220,236.35131666202
221,15.72393295394,15593.96255949854,197.02031520583
222,15.27456426238,15594.06628303662,212.75006181118
223,16.97539101048,15594.17241359692,230.89028020335
224,16.43760214914,15594.27761035853,216.82686412882
225,16.37419950500,15594.37907601459,217.84455574802
226,15.21515110173,15594.47826954644,184.47390327119
227,15.78067136601,15594.58470036545,224.28548087190
228,15.17375515363,15594.69024926862,187.07461749328
229,17.61391074061,15594.79185352518,247.22301826677
230,16.53494856842,15594.89294559369,220.60372911746
231,16.13448060854,15594.99342164303,210.36788957976
232,14.97916376083,15595.09349941990,202.07996721403
233,15.41360243223,15595.19922894097,190.65573269810
234,15.48791102880,15595.30100178968,192.19992132549
235,15.76219642693,15595.39987574803,199.37776654425
236,15.37247023137,15595.50541868811,192.00209165064
237,13.35201551613,15595.60482813907,160.77955765496
238,15.38671849066,15595.70396112397,189.70020584715
239,15.46402459201,15595.80627865954,191.90349844038
240,15.19182547918,15595.90985401661,188.52559628344
241,15.94708818726,15596.01319269870,202.97329555300
242,16.76230472277,15596.11272160464,255.86547694290
243,16.71867793822,15596.21131309860,224.30460218265
244,16.43758353034,15596.31637845353,216.82661852994
245,17.02213981967,15596.41778271940,230.89953855176
246,17.52710850524,15596.51838069094,247.87074557299
247,14.30237674265,15596.61708883503,185.37999008011
248,16.16840592430,15596.71582255344,208.31533818245
249,15.69815473068,15596.82009849288,204.07601149890
250,18.10230856609,15596.92447813864,256.00530284422
251,17.31257061827,15597.03289626606,244.83672167894
252,14.87500841625,15597.12824176602,197.33928668036
253,15.43725460238,15597.22590467946,190.94829388551
254,16.30143257633,15597.32846965225,214.41186953857
255,15.56365430422,15597.42607038603,194.38997995528
256,17.17678736234,15597.53142150506,236.76567440681
257,14.84522228217,15597.63679085690,199.72203947950
258,17.57851800169,15597.74216399630,247.97551236363
259,16.58179087454,15597.84288759458,221.84924196546
260,17.38339673272,15597.93889504573,242.12269926967
261,15.86010764847,15598.03888557159,201.86621403448
262,16.32760358555,15598.14014590429,243.27581430142
263,17.13082869986,15598.25070336987,235.50995770334
264,17.97205511882,15598.35818355669,259.19666502549
265,14.87154511317,15598.45693271204,179.69356330079
266,16.06663990826,15598.55757827420,209.48335506694
267,14.72555063605,15598.65348425762,193.12378606474
268,18.25652914206,15598.75538690222,268.93546776193
269,13.52038849152,15598.86187970504,147.49002573204
270,17.92809192495,15598.96398813631,257.94032521957
271,15.41338234095,15599.06751432064,190.65301031928
272,14.04415002691,15599.16793061265,179.85287486288
273,17.06681148690,15599.26722794653,233.38513697238
274,13.82032355824,15599.36784937648,153.27480295305
275,17.16059874169,15599.47146950551,234.66765839242
276,17.15084781086,15599.57097504877,241.94248189521
277,16.54026800351,15599.66933652887,243.65336246653
278,16.46312656552,15599.77247729366,219.02765333926
279,16.60430371637,15599.87128481131,220.90589317011
280,16.05474132516,15599.97243162914,206.85087226541
281,18.00467065974,15600.07591093131,263.38562495150
282,18.94872879759,15600.17396613654,286.11953036130
283,14.76325629237,15600.27376118628,197.51890746806
284,15.33011243004,15600.37744922532,189.62301840496
285,15.96777767366,15600.47448117034,205.73042399383
286,16.08644309728,15600.57491090702,209.12376026470
287,17.53612280087,15600.67378191190,249.85129054320
288,13.55962606036,15600.77329147179,162.71551272434
289,14.43667655809,15600.87659021353,171.42603605064
290,17.74656550005,15600.97401053999,247.81730059521
291,16.24146356532,15601.07860249252,217.29597289200
292,16.43008619430,15601.18223489554,213.59112052587
293,15.62051258042,15601.28527197757,218.68717612583
294,14.92376012830,15601.38153431732,179.70586905615
295,18.47897453857,15601.47563196559,275.94993658155
296,17.32502464514,15601.57581588154,238.80898433977
297,16.20670085355,15601.67322736684,211.93011368651
298,16.32966812234,15601.77657802934,241.65702008402
299,16.46665158248,15601.87691598693,220.30878322622
300,17.34713858733,15601.97514738011,238.48372700197
301,16.28692674202,15602.07393106900,216.68346715396
302,14.49954763259,15602.16929156645,189.60618857254
303,17.43376995540,15602.26969519447,242.19767263040
304,17.49247562869,15602.37445781520,251.67289812260
305,16.32415435712,15602.47661145367,209.68755936717
306,14.69062984680,15602.57429401228,177.50755581992
307,13.91786471271,15602.67161211515,154.35658668759
308,15.43141666077,15602.77260929532,217.13927970620
309,19.06199664177,15602.87050273129,289.08949249891
310,17.51186193762,15602.97226250924,242.65147688870
311,14.32440348004,15603.07575760441,165.81695841469
312,15.47466820602,15603.17265616201,196.96037085155
313,14.73060981222,15603.27087834084,195.42362272100
314,16.34210848313,15603.36675328851,214.32474347123
315,17.88542536313,15603.46119391448,256.70414629784
316,17.04900100222,15603.56146211917,231.26390135941
317,17.09854845440,15603.66660487828,237.54062670362
318,14.18138876818,15603.76872501120,180.49961096316
319,17.32481697895,15603.86797734929,238.80612185883
320,15.38031671174,15603.96432762888,190.86471096470
321,17.38138486894,15604.06061914330,248.86355838538
322,14.69375511521,15604.16049731596,174.47867478112
323,15.60253668529,15604.26144947790,217.87756756513
324,15.43762122203,15604.35806191564,190.95282872018
325,17.05670164277,15604.45522414187,235.11040699374
326,16.21695063777,15604.55642723180,209.56918784485
327,17.35603173200,15604.64830083007,246.06421790642
328,16.02984430223,15604.74854975959,231.74077078908
329,14.97520844900,15604.85045108452,180.94613215338
330,17.44560154373,15604.95032090567,244.23842161222
331,17.31291975626,15605.05030923994,235.48116748484
332,15.85768295068,15605.14696429000,204.31195271364
333,16.22023688236,15605.24790677138,237.28160924791
334,17.15569725762,15605.34637431775,240.79168555795
335,14.76907190597,15605.44483489956,175.99380348424
336,16.54742006820,15605.54091219177,215.11646088654
337,16.91077370550,15605.64104227925,234.32255402581
338,14.69231141731,15605.74162214027,196.56972973019
339,17.78393715706,15605.83960716683,250.24217733954
340,15.84302170977,15605.94170348739,205.34903116047
341,16.40974603509,15606.04194158172,214.58527396834
342,15.07384965763,15606.13735148676,184.61620060305
343,18.39343712032,15606.23892810909,302.79418981531
344,13.90349612841,15606.33582549828,157.30010231360
345,16.81343644125,15606.43299458114,220.50615169149
346,12.98619627504,15606.58081002448,274.25174017209
347,14.89686967122,15606.73780969314,199.86247942076
348,11.69222981088,15606.88186567722,220.60855085496
349,16.15915328143,15607.02814742887,206.93813206540
350,14.20783945835,15607.13019351637,161.99429394161
351,14.92509936485,15607.23616218645,204.09766418676
352,16.99310662482,15607.34027777525,232.99773921507
353,16.99441709254,15607.43858581689,231.77294814237
354,15.51690691438,15607.53763014861,191.30527653157
355,11.01106079963,15607.68525087810,207.17187264761
356,15.60536743509,15607.83681871498,199.23599404679
357,17.73801737877,15607.94004533648,252.10459461689
358,16.64502672893,15608.04325714429,219.56298225427
359,17.23082484878,15608.13665492051,241.23154788297
360,15.64252927301,15608.23365156124,218.99540982209
361,11.53672176670,15608.38025186899,216.44808636490
362,13.14911972864,15608.53415310663,138.53457261580
363,17.74698343625,15608.63408608407,250.98024666753
364,15.66526355480,15608.73547618475,199.38625359612
365,15.77928941959,15608.83271160410,223.15285101796
366,16.94798777113,15608.93368958671,231.76024709751
367,16.67403129739,15609.03284406627,224.32614842427
368,17.08582393260,15609.13327269747,234.26901489028
369,15.48770411240,15609.24088871896,217.38028613153
370,16.85954509322,15609.34456424025,223.66714084114
371,16.16969658957,15609.45070966967,213.90497975689
372,14.29297565177,15609.54968864076,164.83463636817
373,16.36832364003,15609.64665464664,214.66855203081
374,16.11615268231,15609.74862942948,211.36136092497
375,16.61172784221,15609.84859764168,249.72902800885
376,16.99499237026,15609.95178621277,231.78079388447
377,17.40093747532,15610.05371640668,242.99086789193
378,18.00248288210,15610.15470757413,261.50116877971
379,16.43753927270,15610.25584122141,216.82603473155
380,15.28989594972,15610.35065713340,211.86301301885
381,16.60405729903,15610.45679690084,220.90261480065
382,15.45435573472,15610.56132808205,189.27642926759
383,17.08557076419,15610.66305370635,234.26554362006
384,18.32247510756,15610.76635751522,274.22569732071
385,15.38511562922,15610.86628141073,213.18241560100
386,16.08670026879,15610.96887214590,209.12710349433
387,16.00658168095,15611.07083206195,205.60826448119
388,16.42055810274,15611.17854256389,219.07756995217
389,16.46269369913,15611.28222857704,217.15784440512
390,16.65570513597,15611.38502500343,249.83557703949
391,16.97556132735,15611.49050747815,229.64113715811
392,16.83053775485,15611.59420643920,227.67929463280
393,15.29038726029,15611.69170159155,190.97687567046
394,17.77498038346,15611.79630653283,248.21409284786
395,14.94451730559,15611.90206005755,204.90889763365
396,15.43754284378,15612.00723809404,190.95185923468
397,16.13401025454,15612.11030824769,210.36175691393
398,18.51131413068,15612.20711071674,274.56715970025
399,14.17564397706,15612.31373596363,162.24766119590
400,15.80129865517,15612.41475322738,223.46410861252
401,16.35381690598,15612.52216845547,218.79915814187
402,16.58099133049,15612.62489946563,221.83854479515
403,16.60129917146,15612.72199734369,219.61454524130
404,15.61369962700,15612.82835126905,195.63909557813
405,15.39053342561,15612.93119416791,214.36532534492
406,18.31404516362,15613.03775295806,269.16039466296
407,15.07385795125,15613.14293885228,184.61630217878
408,14.47200159798,15613.24292610071,166.89926429890
409,15.81149488558,15613.34414469426,200.62537888614
410,15.97501175332,15613.44632756668,229.84039485559
411,17.76064073183,15613.54971705129,254.91314990847
412,16.17634097619,15613.65630935526,209.66934263150
413,16.76604732068,15613.76005434067,226.80688420972
414,17.32438983801,15613.85981507302,242.54145773211
415,15.83896857511,15613.95982797455,223.43614787927
416,17.75543448173,15614.06285170213,257.91258347934
417,15.83578097423,15614.16217062478,200.93353480506
418,15.95804999040,15614.26512836520,204.36275335140
419,15.32331349660,15614.37633137462,185.78530261488
420,16.37095838935,15614.47833511248,245.56437584024
421,16.42057707534,15614.57733159923,219.07782307831
422,16.38495173850,15614.67684057127,214.26104646874
423,16.87499232118,15614.77785948507,231.37823747688
424,15.73735762791,15614.88123859071,198.44052910708
425,15.64434246550,15614.98374649083,221.79683425774
426,18.37227930513,15615.08930244054,267.50442451586
427,14.58809954029,15615.19546872401,173.83726885809
428,15.36311665604,15615.29511997696,189.40922288749
429,17.09620297427,15615.39814639686,231.27314710777
430,14.88501064126,15615.50151443266,203.00447968713
431,16.15981414591,15615.60344314242,206.94659526018
432,15.08744779681,15615.70590520827,187.23030330930
433,16.66722121963,15615.80838467333,218.58855703738
434,16.34810216285,15615.92075073044,215.64627822640
435,13.36822568671,15616.02039644028,163.17999032855
436,14.94532518156,15616.11816875752,181.20243785075
437,16.55310091147,15616.22181890436,218.35039744101
438,15.18314710375,15616.32645283187,184.71095658945
439,16.69434198790,15616.43719265008,225.21898654959
440,16.11423059753,15616.53890912198,232.40273873614
441,14.89924749125,15616.64108359056,180.64377554568
442,17.43257617900,15616.74198731054,246.53385659447
443,15.84891148784,15616.84228395720,200.47463494388
444,15.95798954179,15616.94461144810,204.36197923141
445,14.92355342478,15617.04604627145,179.70338001612
446,14.39198855999,15617.15557238948,187.09585127984
447,15.96822561896,15617.26547334533,205.73619536525
448,13.65023618142,15617.36923929862,149.53084543678
449,15.47147448915,15617.47124514633,190.74514797495
450,16.19468247231,15617.57025068101,214.23551191694
451,16.06788010932,15617.67223659415,232.84570417674
452,16.83856422945,15617.77764280007,222.75326693251
453,17.59209160785,15617.88297175242,254.93362724282
454,15.19146979652,15617.98947709155,184.18678270449
455,15.02885001525,15618.09075966309,204.41446026258
456,17.03862941444,15618.19053245037,234.24242708988
457,15.78538749084,15618.29184644506,197.15942656852
458,18.14172298557,15618.39751953361,262.27184674108
459,16.82118909399,15618.50420681173,233.08123323614
460,15.70025268879,15618.60865186427,220.92213793418
461,15.82329466538,15618.70895901071,202.01830266834
462,16.99286623870,15618.81090261142,232.99444320671
463,17.31185765345,15618.91420962575,240.50401280389
464,16.85696283539,15619.01351988622,228.03676649650
465,15.66319986307,15619.10986895151,220.95662506511
466,16.25403900021,15619.21105413358,213.16972303102
467,16.96534244911,15619.32048041564,233.85110741449
468,17.09726595941,15619.42254647934,230.02018845071
469,15.81990202494,15619.52580805257,204.43818897932
470,18.65043209740,15619.62418402550,279.13410809507
471,15.12208213765,15619.72527742211,206.23770382999
472,11.39555827099,15619.87865532713,208.26142690064
473,16.55844226444,15620.03580811923,222.77105703102
474,15.70231410759,15620.13922089016,222.06425571594
475,15.56885314164,15620.24216834625,196.93214593701
476,15.95796524394,15620.34143783503,204.36166806719
477,14.92406766078,15620.43845637683,178.46589243532
478,15.76223828033,15620.53866155546,199.37829595258
479,14.76962543165,15620.63919160498,177.23550517983
480,13.59861326492,15620.74386588259,166.54831854247
481,16.74017274104,15620.84886195307,222.08348763110
482,16.42653258112,15620.95260096053,224.62945462117
483,16.30652560264,15621.05618755835,210.72675149904
484,16.88330690262,15621.15473482751,227.14166373920
485,14.00090529836,15621.25778825937,178.75159276303
486,15.36929711103,15621.36129398682,188.23467813625
487,15.93416728348,15621.46400748248,203.43382949731
488,14.64051709943,15621.56943088631,176.29517133520
489,16.71812070409,15621.67240501382,224.29712610241
490,13.01195659607,15621.77518139498,151.74418593902
491,15.02880192944,15621.87483153041,180.97073983925
492,15.72759407294,15621.97656697224,197.69279203113
493,16.42061532184,15622.07786889609,219.07833335024
494,15.50072978837,15622.17764753328,215.34302038054
495,16.17662917973,15622.28217873556,209.67307817626
496,17.54346812278,15622.38668612539,251.79613658201
497,17.78211157887,15622.49086237358,247.03698912361
498,16.92063201548,15622.59226185102,232.62023105222
499,16.44191434146,15622.68846511085,218.12664282308
500,14.45698617840,15622.79016297752,188.49603813240
501,16.11160262789,15622.89848426878,209.45083416255
502,13.63203170299,15623.00530824125,151.79988061777
503,15.92295448096,15623.10886664411,202.03964260475
504,14.74428131721,15623.20565212713,174.45668923417
505,14.81362296083,15623.30842661605,197.63838111605
506,16.69424409581,15623.41262808956,225.21766591308
507,15.82346102027,15623.51549521571,199.52625157347
508,15.33923603618,15623.61961106688,192.20007664222
509,15.71289561899,15623.72463226790,198.13207491114
510,16.06797807109,15623.83825102774,232.84712377773
511,16.99134296224,15623.94181669896,234.20949975498
512,16.92929217629,15624.04139091944,227.13028870279
513,15.93703711411,15624.14023694608,207.79354137227
514,15.99744639511,15624.24097511598,203.61425089772
515,15.66051009443,15624.34808798257,219.80573367015
516,15.62767435344,15624.45009085652,197.05747564061
517,16.81066329540,15624.55815029654,226.78824678214
518,15.16316029174,15624.66409083072,183.21716291011
519,14.58994970756,15624.76183250619,175.07939649068
520,16.07622285756,15624.86759670673,230.17648224792
521,17.07186678171,15624.97153150169,237.16995306027
522,15.62801665152,15625.07401493183,197.06179185511
523,14.87212442968,15625.17653668791,172.79847071666
524,18.48500451158,15625.28319007761,279.11744719527
525,17.51678099778,15625.39516737451,278.07027774301
526,16.14126872510,15625.49582765525,211.69075473819
527,16.21690666669,15625.59698743127,209.56861961333
528,16.92297080187,15625.69899141068,230.17728828178
529,15.58813426224,15625.79913228247,194.69573453285
530,14.76437468202,15625.90400723967,199.72875865651
531,17.36279688020,15626.01070859302,235.52043574299
532,15.95707422217,15626.11606973906,212.29506480018
533,15.77394856510,15626.21750047019,198.27545896264
534,16.57858561850,15626.31802919214,223.65734774880
535,17.13900622612,15626.42075821759,261.61557583529
536,15.25276161019,15626.52376527227,187.42907257771
537,16.83664993300,15626.62448281819,225.88736258137
538,15.66448042886,15626.72451599429,201.82271234833
539,16.22403174172,15626.82859873191,210.91241264230
540,16.68469965470,15626.93856515750,251.93343999041
541,15.87155180708,15627.03648422876,203.25503612322
542,16.62213101470,15627.13381250246,220.51748716755
543,18.97825532553,15627.23607034092,286.56537115603
544,15.61392663962,15627.33533788409,195.64194003812
545,15.60497148215,15627.44108455327,220.68762310507
546,15.88095542810,15627.54305888641,205.22717282719
547,16.12842219039,15627.64429783362,208.42514817717
548,17.24848106981,15627.74603201112,238.37875104590
549,16.45769719584,15627.84889596720,215.84067522663
550,15.32987215033,15627.95369156783,212.96939021383
551,15.65358828127,15628.05592478281,200.46374105321
552,15.11103844973,15628.15965326568,181.96099867620
553,15.46011526708,15628.25892811008,188.08041972138
554,16.90273383617,15628.35790342133,237.84254750786
555,15.73979568749,15628.46417485341,222.03714213732
556,15.21075592241,15628.56562396745,185.67093812427
557,15.42966563084,15628.66475399745,192.09778793447
558,16.04752233125,15628.76699752448,209.23409235888
559,17.08586485902,15628.87242447352,234.26957604512
560,15.71890717197,15628.97738527113,220.06470040757
561,13.74578012401,15629.07375391788,152.44807627436
562,15.72521303875,15629.17642002083,199.53058498224
563,17.47873561212,15629.28110216031,243.45061619984
564,17.56870662574,15629.38303888604,245.96189276034
565,16.31595183485,15629.48566614726,246.90515405615
566,19.26103997429,15629.58746721375,294.00701520150
567,18.46962783260,15629.68960233859,273.32553182634
568,15.67650066155,15629.79215083196,198.29379132656
569,17.88964589415,15629.89300276163,253.62950434411
570,15.19183388978,15629.99440501882,213.76805129176
571,17.75564551241,15630.09983143772,249.84407861176
572,16.36806458801,15630.20099132197,214.66515459542
573,15.46388733679,15630.30269606993,191.90179514795
574,15.76220608539,15630.40367498191,199.37788871515
575,14.51296947971,15630.50622863848,194.17029813616
576,16.25698332783,15630.60131060326,204.99275987333
577,16.85706835783,15630.70419434835,229.28091813277
578,16.24177881312,15630.81122136895,217.30019062019
579,17.35108068513,15630.91237820005,242.91512959180
580,14.04503250523,15631.01698957658,178.76407907576
581,15.67333594103,15631.11106218455,195.75990315993
582,17.44580336040,15631.20913381679,244.24124704566
583,17.74678631392,15631.30837691497,250.97745893681
584,16.80303429820,15631.41002688191,232.22255418171
585,15.33398486682,15631.51367451017,210.80743907255
586,16.81113899773,15631.61412826079,228.03738414962
587,15.89864255158,15631.71628699768,201.10368867148
588,17.79829067628,15631.81552127216,254.21043803005
589,17.41504847320,15631.91420501804,248.12624690817
590,15.42023443028,15632.01526405778,213.11187979086
591,15.72535707967,15632.11386476567,199.53241265670
592,16.64846961895,15632.21418593208,220.86690823879
593,16.60409126590,15632.31646805798,220.90306670043
594,16.16995223111,15632.41828217292,213.90836157656
595,15.09378233679,15632.51841037611,204.18490281404
596,17.15763665492,15632.61574469244,235.87850615320
597,14.98324154412,15632.71407107049,179.17350916143
598,17.16913675747,15632.81124434262,239.13840314213
599,16.51258890251,15632.91154310199,221.53962762307
600,14.81068764641,15633.01153579813,195.36638792116
601,16.13448983144,15633.11299867530,210.36800983169
602,15.00552561660,15633.21452667268,180.69045591672
603,17.22544399615,15633.31447430181,242.38348196844
604,15.96794192718,15633.41414550084,205.73254025240
605,14.58406297279,15633.51274559678,191.82339912899
606,14.63448463288,15633.60888752821,170.66595180038
607,16.92953814156,15633.70643828366,228.39195613446
608,17.74514902830,15633.80695227520,254.07186852836
609,16.35705184745,15633.90739170071,220.06162607415
610,13.98754486049,15634.01748568579,157.00980165021
611,13.73423203948,15634.11322726823,169.88306815653
612,14.74438672365,15634.20997834715,174.45793641999
613,15.80913662145,15634.31099637780,203.07203677045
614,15.00543617470,15634.40589212891,180.68937889371
615,15.83603542681,15634.50770911489,200.93676344642
616,15.44390976936,15634.60809173108,215.10877178547
617,16.78948948929,15634.70782710754,224.62806004297
618,16.53508537198,15634.80612787870,220.60555430467
619,15.86046634897,15634.90487054116,201.87077954644
620,16.65106257158,15635.00304594587,222.15288314079
621,15.22908067663,15635.10060687807,210.47008235559
622,17.42843731654,15635.20121685508,243.37488227601
623,18.60807578899,15635.30028013637,277.87782937625
624,17.39486071528,15635.39852289358,244.14850465011
625,16.96566480572,15635.50041169696,233.85555079372
626,15.58057193034,15635.59942225430,217.57084645452
627,16.62768001527,15635.70134920768,223.08373693358
628,17.61323553539,15635.79754826777,247.21354130982
629,15.74862841954,15635.89497863591,202.90688336789
630,17.83563069177,15635.99834973204,253.49194046159
631,14.89567848124,15636.09835902046,197.61350608021
632,16.85711702847,15636.19685248340,231.74704434514
633,14.65957189264,15636.29202228376,175.30298307442
634,16.44190492841,15636.38713128548,218.12651794497
635,16.26550491157,15636.49209753811,210.82503932112
636,15.12978841273,15636.60209554400,207.44920706969
637,17.87939212597,15636.69988938472,254.74212558435
638,16.24206527910,15636.79778711259,217.30402327382
639,16.95603775829,15636.89552668978,227.48911833960
640,16.20662483091,15636.99570618773,211.92911956144
641,15.59883929017,15637.09420572913,218.38375006236
642,16.74433722315,15637.18964831117,224.64885761487
643,15.66547070198,15637.28205903231,199.38889014927
644,17.75470877228,15637.38300983212,252.96566124366
645,17.47077272450,15637.49540412211,240.18341537823
646,15.09051708330,15637.59527753770,209.64416335158
647,14.87144556212,15637.69571791465,179.69236042092
648,16.29506501373,15637.78664701763,213.08562501976
649,16.28311278156,15637.87883716156,209.79323265608
650,16.38021757821,15637.98090275624,222.19208162166
651,14.13238128666,15638.08143958311,179.87584755806
652,15.61370890453,15638.18222191027,195.63921182520
653,16.54108325364,15638.28012051605,213.75790436625
654,15.07002259227,15638.38607730604,185.79571658574
655,13.70716087381,15638.49255705189,150.77876961196
656,15.23102567815,15638.58784486871,209.94520049201
657,15.61375500240,15638.68638223135,195.63978942984
658,15.21076947962,15638.78624464548,185.67110361106
659,16.21579269736,15638.88770478809,215.12680022136
660,14.71434008499,15638.99209923653,173.47951111012
661,14.24540838338,15639.09183867385,181.87319918430
662,14.17492064314,15639.18997789506,160.99615028280
663,15.90929996426,15639.28625479771,203.11634481875
664,15.66523683580,15639.39220316639,199.38591351875
665,16.71523155399,15639.49324079947,219.85454532784
666,16.65525952763,15639.59018309271,249.82889291452
667,15.68440500039,15639.69329351407,205.10020915882
668,15.07737602676,15639.79656645776,183.42419590163
669,17.02246035592,15639.89652722929,230.90388651705
670,18.01106477609,15639.99479090238,258.50741111216
671,17.48215708038,15640.09129025530,276.96945655066
672,17.57890414843,15640.19371298247,247.98095963377
673,13.57662341727,15640.30569134431,150.57203764298
674,15.86101444510,15640.40921351056,199.36986010416
675,15.45537370050,15640.51283405182,193.03755564821
676,15.76203615104,15640.60626382116,222.35088248466
677,18.69165485417,15640.70530821724,280.37482281250
678,17.10797432272,15640.80677671820,240.73053714582
679,16.89866303681,15640.90634248812,228.60087636538
680,17.32808424175,15641.00855708832,237.59072089621
681,15.60546850291,15641.11285806130,220.69465204002
682,13.95964270846,15641.22634997822,154.18929338589
683,11.20926926721,15641.37429275050,203.62648839619
684,17.56164071664,15641.52099631920,247.11418915703
685,15.44382020436,15641.61681037141,215.10752428930
686,16.87544262221,15641.72055666813,231.38441169350
687,15.20068753908,15641.82002657290,188.02212091696
688,15.19736311160,15641.92232581995,187.36567594667
689,16.98229692751,15642.02728794405,226.57210064407
690,17.53185077870,15642.12750469887,277.20290029446
691,16.99284584072,15642.23268204478,232.99416352361
692,15.02031198824,15642.33759533770,184.57268380184
693,15.92324896300,15642.44249422028,202.04337916288
694,15.58790785473,15642.54645934958,194.69290670404
695,15.15597828698,15642.64947312701,209.45978723033
696,15.47952767362,15642.75498707841,193.33923867577
697,16.24707905568,15642.85644323779,211.83599371465
698,16.90908755316,15642.96063992785,221.76060426375
699,18.16901863844,15643.06450908489,271.92897119582
700,16.09901310964,15643.17105337372,229.37562924198
701,15.18574458969,15643.27438859580,189.66988913361
702,15.86079561379,15643.37663230083,201.87497040340
703,16.83069005593,15643.48112649860,228.92213443746
704,14.18497685160,15643.58538924545,162.35448082746
705,15.11468644250,15643.68735019088,204.46768831455
706,17.52997184873,15643.78987705840,243.53415204513
707,15.43004527617,15643.88855874650,198.20252027179
708,18.84320899515,15643.99341904270,281.38911693135
709,15.61734921526,15644.10594592238,200.60848293221
710,15.71268496709,15644.20354045504,198.12941869177
711,14.87048101712,15644.30914704129,194.45677198643
712,15.89037189961,15644.40892203845,206.57483469493
713,16.29480419752,15644.51244947008,213.08221440536
714,15.96759248703,15644.61831539357,205.72803803100
715,14.25501343292,15644.71819265220,166.24059517551
716,17.76549258713,15644.82325843195,284.24788139407
717,15.70957678885,15644.92602121980,195.58265374808
718,17.74027124237,15645.04171341882,257.08095415276
719,15.61373644725,15645.14583197033,195.63955693448
720,16.20846541526,15645.24394911805,208.20150800225
721,15.97461993313,15645.34613391736,230.94240134641
722,17.08558599216,15645.44651811019,234.26575241536
723,17.40596076179,15645.55271335806,246.15745775454
724,15.91992120178,15645.65442458008,206.95897562315
725,16.12536470079,15645.75470156050,204.60794037405
726,15.99949309759,15645.86011753223,233.50491431206
727,15.03538595753,15645.95740265966,180.42463149033
728,17.29353919389,15646.06111699260,239.62630821199
729,15.19466930416,15646.16894772656,182.96804751957
730,15.62731013705,15646.27153573362,197.05288304663
731,15.21413436892,15646.37741719150,215.69758182164
732,15.82204401518,15646.48085510310,196.98285942398
733,17.17296458137,15646.58585019406,237.95557737216
734,17.56852232377,15646.68752835012,245.95931253284
735,14.81992314718,15646.78800649239,179.68201898633
736,14.73039167898,15646.89100110521,195.42072885666
737,13.74666737401,15646.99930068431,150.58719622527
738,16.20686906367,15647.10199041868,211.93231331921
739,16.13427621985,15647.20456407961,210.36522467724
740,17.51143421372,15647.30701851148,242.64555017251
741,14.47213744217,15647.41187275952,189.80030318457
742,14.71761725834,15647.51188163762,175.99710469241
743,17.92402448373,15647.61473797928,256.00627600404
744,17.43900575132,15647.71990654613,245.38856223490
745,17.35694301688,15647.81937758111,241.75424164402
746,16.07594339784,15647.93009710831,230.17248099368
747,19.37681305988,15648.03508402677,308.81558352329
748,19.26442135571,15648.14284504789,297.82072679835
749,14.79495612548,15648.24238120303,174.42996021022
750,15.37237070984,15648.34414671104,192.00084862717
751,15.40402238321,15648.45005321540,213.99951817103
752,16.27262861188,15648.54968032591,212.16911917109
753,15.10885931008,15648.65297127444,183.18518378631
754,17.49226654926,15648.75518636688,248.61181907576
755,15.83529934662,15648.86182335783,198.41573210644
756,13.84878305585,15648.96574612754,175.72135764506
757,17.47588668279,15649.06467192185,238.97915614216
758,14.28254266144,15649.17024202522,167.78188648617
759,14.68801740860,15649.27701130897,171.91883605114
760,17.02156854012,15649.38143287582,232.14324451790
761,14.04414681386,15649.48803178709,179.85283371580
762,16.50934210361,15649.59001070672,220.26209626608
763,16.25989616335,15649.69225069728,214.48276118208
764,16.97609963987,15649.79168065246,228.39006234052
765,16.23977247444,15649.89508331136,210.49150881593
766,16.78961807667,15650.00192226088,257.92700699591
767,15.97573605673,15650.10523095000,207.68456873755
768,17.21328944583,15650.21364545304,240.37050576444
769,16.10293471919,15650.32005451283,201.12559017941
770,16.98124322311,15650.41972719662,235.91097034826
771,15.59714969166,15650.51961654840,221.12776121350
772,16.67395215793,15650.61870062763,224.32508371166
773,17.66675280238,15650.71866157253,250.46944937590
774,14.66528108122,15650.82090997638,171.65271416200
775,14.74064973941,15650.92382021677,176.27253310655
776,14.13233288479,15651.03063218174,179.87523150281
777,16.00007600087,15651.13244767556,208.00098801128
778,13.74683137640,15651.23485807172,150.58899278153
779,17.25212161626,15651.33778983623,237.17745961532
780,16.92037941143,15651.44268512514,232.61675832081
781,17.50006930865,15651.54406835748,247.48835358767
782,16.46897856222,15651.64523675867,244.27442779424
783,16.01610316400,15651.75181933574,206.97366647352
784,15.60349634679,15651.84982116648,196.75260257700
785,17.57086677336,15651.94851733775,249.11003029311
786,15.26173632586,15652.04928634764,186.91733293631
787,13.95745205756,15652.14888299908,176.54935533797
788,14.95296861893,15652.25019564471,175.65760823714
789,15.84326583831,15652.35657495921,205.35219542806
790,17.26218048800,15652.46354421531,240.43435234776
791,16.85713843381,15652.56682743776,228.03914194794
792,17.39528712902,15652.66968119436,267.79704141262
793,16.10511806794,15652.77215224894,213.65853534292
794,15.62768820670,15652.87126502739,197.05765032353
795,15.72538553969,15652.97529495682,199.53277377376
796,19.07326406857,15653.07863627431,289.88851635583
797,16.92021241642,15653.17784394646,262.67233345026
798,17.45688855440,15653.27988020182,238.08021796895
799,15.45555666086,15653.38448450962,193.03984082236
800,14.71659302540,15653.49044494656,174.74985993934
801,17.61294497841,15653.59118779151,253.40615023748
802,16.01422147545,15653.69232351871,229.84731808251
803,17.14344914759,15653.79592025623,232.54505833574
804,17.39496383376,15653.89807900145,244.14995198700
805,12.90862090181,15654.00150449087,135.38675819493
806,14.22040595546,15654.10648126494,160.25583634715
807,15.45766598269,15654.20295595699,221.32009559611
808,16.45237813255,15654.30700377701,214.51276618600
809,17.11234414779,15654.40993352670,239.57281806906
810,13.90211252561,15654.51588279006,152.92323778169
811,17.75053161319,15654.62741543557,256.00180759239
812,15.68234140017,15654.72768345367,220.11215064806
813,15.46391461535,15654.83375704493,191.90213366600
814,16.44165685310,15654.93534624501,218.12322685404
815,17.25390974459,15655.03658049781,245.22413237250
816,16.52675109173,15655.13836645406,216.11531362167
817,16.13037836568,15655.23742585210,233.19417488432
818,16.01011612750,15655.34161743098,205.02952524024
819,15.47037925095,15655.44712651681,194.45965185246
820,17.57126139908,15655.55374539027,249.73454683971
821,17.32871914875,15655.66007956211,245.67699520830
822,14.85379399551,15655.76401376753,196.49722468958
823,14.92458640218,15655.87172671703,178.47209568023
824,15.99125357347,15655.97363177677,206.65253899271
825,18.31482301552,15656.07755292318,267.29604199309
826,14.97660777625,15656.18306643490,179.71929331502
827,16.02858821784,15656.28362501679,232.82869259229
828,15.99122497138,15656.39068842287,206.65216937217
829,16.10162583728,15656.49318030480,211.78382220192
830,16.15970263073,15656.59297422595,206.94516716911
831,16.32777827350,15656.69865398797,216.61245677323
832,15.93972063507,15656.80615013279,224.85743058857
833,13.86256399491,15656.91339166704,158.05754795859
834,16.04557493936,15657.01912971588,205.48361959559
835,17.44160134410,15657.12069177334,248.50456708405
836,16.03638774377,15657.22438996998,203.47894935557
837,17.17701264044,15657.32251635827,264.43674837319
838,15.08235973111,15657.42394548369,188.37861266382
839,16.27460742165,15657.52833282901,208.41666647256
840,17.70831372689,15657.63229827568,254.77826758842
841,16.41504083911,15657.73649148079,215.90615293382
842,13.06806071667,15657.83629683230,155.72391578378
843,16.74072793875,15657.94699059989,227.69851735363
844,18.70253586361,15658.04832609120,276.77225593031
845,15.77423645747,15658.14720208261,198.27907771361
846,17.93470821855,15658.25003629698,261.74844916908
847,15.94827231704,15658.35169831614,202.36088993094
848,15.15593915541,15658.45699361680,209.45924642118
849,17.49001230988,15658.55571684482,245.48402092226
850,15.76140332668,15658.65819543735,201.84444731400
851,16.18544658559,15658.75842722949,207.27485065174
852,15.62369160794,15658.85535447020,219.84482803350
853,17.97713379167,15658.95968645035,262.98279530008
854,16.05491939758,15659.06310058553,210.55829392454
855,16.59683205176,15659.16873789991,218.29724301670
856,15.09711594117,15659.27488908601,184.90115321751
857,13.68941772320,15659.37763748884,149.33391695936
858,15.40392439638,15659.48151521770,213.99815689449
859,16.25413055494,15659.57914137732,213.17092376000
860,17.84161081062,15659.67942420724,255.45299106702
861,15.63810075944,15659.78133443179,195.94484089123
862,15.22752156930,15659.88526261722,187.11891776268
863,15.06146102717,15659.98868556125,204.30359742855
864,15.67959694156,15660.09059444096,200.18369294403
865,17.49640570222,15660.19116854024,244.32400912904
866,15.83606340532,15660.29065566666,200.93711845383
867,15.98369267544,15660.39712876651,209.01390335060
868,16.09944709356,15660.50414416732,229.38181256108
869,18.49724977658,15660.60521572010,279.91418165045
870,14.57496150056,15660.70661942027,168.08665582018
871,16.64932227943,15660.81006727814,225.22785711950
872,15.74005110380,15660.91074876575,222.04074522773
873,16.30109570060,15661.01683547502,214.40743863021
874,15.95804613827,15661.11482176469,204.36270402005
875,17.83534729559,15661.21719562198,258.45873705949
876,17.05031650530,15661.32064012003,230.02134534299
877,16.30279916830,15661.42162137361,242.35853320970
878,16.45796340142,15661.53249231278,215.84416648009
879,17.03829272172,15661.63599068460,234.23779833031
880,16.20984193721,15661.73750795887,213.82250059224
881,15.13735001103,15661.83806749207,181.01637839149
882,15.50511492024,15661.93537701161,194.27853310215
883,15.15594683310,15662.03319473440,209.45935252908
884,13.72856555365,15662.13253071628,151.01422109013
885,16.85707925382,15662.23493408873,229.28106633425
886,17.76332893205,15662.33816017860,251.83865232410
887,17.13909576486,15662.44407549020,239.94734070809
888,13.37011943038,15662.54945897917,160.99755765072
889,14.08626090962,15662.64712193093,158.11788655354
890,16.39910427433,15662.74684895179,220.01707156506
891,16.22494303662,15662.84898806048,207.14620579743
892,16.02019131386,15662.95310967697,212.53185463119
893,17.21092103740,15663.05780485491,262.14893912754
894,15.27975270629,15663.15732933938,188.38144308916
895,17.41266729864,15663.25680881687,245.01794735427
896,17.11212350752,15663.35380984816,234.62961649388
897,16.07802605794,15663.45330528153,207.77388661861
898,16.83054918358,15663.55902996638,256.35528765853
899,16.24759947002,15663.65901393172,211.84277908740
900,18.58427396238,15663.75757003316,280.61638303130
901,16.20642340428,15663.86389304169,211.92648556650
902,12.73635549415,15663.96808932609,129.25989084458
903,15.69966041991,15664.07153950013,220.91380397230
904,15.87182352867,15664.16792180742,203.25851585736
905,16.90277187296,15664.26722895135,229.28035294380
906,16.05528021926,15664.36659357314,210.56302605642
907,15.08755141388,15664.46353765207,181.67817731263
908,17.15375818741,15664.56872503767,266.29793879877
909,16.41647688932,15664.66691980813,217.78917688571
910,16.17661413754,15664.76780712514,209.67288320717
911,17.24062623688,15664.86600487952,237.64563256578
912,15.81140533871,15664.96353331549,200.62424266372
913,15.15229974681,15665.06323507149,207.20458268198
914,16.71462362868,15665.15791103143,228.56904044519
915,16.38134943602,15665.26162290907,212.32655596966
916,15.82281396679,15665.36721600637,202.01216551954
917,16.83153918967,15665.46687834865,228.93368390495
918,15.32399233796,15665.56556614896,211.78178761222
919,16.60677783639,15665.66018158576,222.18354473085
920,15.17407128809,15665.76175175248,187.07851506070
921,15.42058602455,15665.86160101738,189.49133350743
922,13.67017173351,15665.96272605041,147.86551538874
923,16.21303724539,15666.06620149603,242.65452228503
924,17.78396361592,15666.16340123958,250.24254964867
925,16.92037382568,15666.26190154503,232.61668152940
926,14.39306830724,15666.35687470667,165.98896118263
927,17.05719512205,15666.45289655374,235.11720913625
928,14.08878566282,15666.55400500018,177.65282759077
929,16.78568589772,15666.65697873528,228.92623418163
930,16.81064300611,15666.75537133015,226.78797306459
931,15.71316638208,15666.85672974906,198.13548910379
932,18.46952959492,15666.95291960939,273.32407804153
933,15.18090691259,15667.04961076560,211.44556587829
934,18.00119259497,15667.14676055414,254.57530706698
935,14.45833742361,15667.24463634938,169.84700734945
936,16.99473044524,15667.34220476564,231.77722170344
937,15.90928076249,15667.44047217351,203.11609966695
938,16.44088358753,15667.54506787926,244.96364831706
939,16.60451555467,15667.64366459756,220.90871149533
940,17.92367691042,15667.74559976225,256.00131166420
941,15.93697180233,15667.84213738922,207.79268981077
942,18.81593816290,15667.94042551803,284.11443574837
943,16.36684691733,15668.04414958838,242.75957069361
944,17.87945598356,15668.14504139490,254.74303541493
945,15.58845025809,15668.24795173173,194.69968131986
946,16.55835480434,15668.34820093515,222.76988037570
947,16.13395313562,15668.45042769934,210.36101217431
948,15.25815087852,15668.55113634159,208.65207513781
949,17.91709259984,15668.64537925234,259.02440292631
950,16.20666284214,15668.74607505094,211.92961662281
951,16.81104692836,15668.84295353036,226.79342227371
952,17.03806082055,15668.93872922553,234.23461021633
953,15.70022841246,15669.03887864156,220.92179633590
954,15.10843708001,15669.13973348374,183.18006451873
955,15.44533844344,15669.24141065585,193.52953599456
956,17.35615953117,15669.34020293865,241.74332895090
957,15.52789619943,15669.43979905345,192.69612424374
958,14.31812857613,15669.54185329750,186.68555650303
959,16.81081374986,15669.64652634915,226.79027652367
960,16.02170236367,15669.74680375291,204.55140258796
961,15.70142678043,15669.84542377410,199.22877119922
962,16.67520698008,15669.94289717881,225.57801885955
963,15.51215306704,15670.04611743789,213.25684686437
964,14.97031763624,15670.14566268826,183.34819748085
965,15.22953286049,15670.24539738367,187.14363292256
966,16.26528166198,15670.34406165152,210.82214567571
967,15.81006416470,15670.44255866549,203.08395127913
968,13.86788951010,15670.54905463480,173.20988446523
969,15.25632431446,15670.65109186740,188.09259847581
970,15.18676103737,15670.75399471732,183.50233180457
971,16.69410587906,15670.84916213204,225.21580126716
972,16.32041425089,15670.94978529936,213.41710930906
973,15.40867497200,15671.05326306842,215.17043606538
974,16.03930559375,15671.15407964362,207.89316107127
975,15.98288059314,15671.25632785311,204.68074021990
976,16.47996946317,15671.35470464107,216.76015564835
977,17.30661281929,15671.45735370169,241.67369575309
978,16.02697646094,15671.55992553193,233.90602079498
979,17.52973980448,15671.65769490109,243.53092838343
980,17.83589617751,15671.76108558306,258.46669111423
981,14.13085726257,15671.86152707854,161.11656186363
982,16.48440226416,15671.96312557061,218.06814451259
983,16.88444675694,15672.06811686613,255.50804328627
984,16.58383499058,15672.17098741169,223.11268122193
985,16.11971041240,15672.27498504955,207.06142934803
986,17.17666488512,15672.37282722088,236.76398617484
987,17.18684870158,15672.47157276174,240.00128086480
988,14.72167281585,15672.57103560324,196.41161317104
989,15.81076517529,15672.67986294738,198.10831982084
990,15.49444478774,15672.78614070623,194.76215095932
991,15.40620360321,15672.88729421198,191.80568804615
992,16.19951181347,15672.98578598168,210.59365357511
993,15.97507492420,15673.08839426289,229.84130372629
994,15.71373270174,15673.19189928002,200.61950915538
995,16.11006819947,15673.29267929035,205.67958205626
996,15.84703567609,15673.39015079440,202.32140760242
997,17.74710025155,15673.48997672964,250.98189868533
998,15.09711084181,15673.59567901017,207.55095962315
999,17.62246257456,15673.69600121693,249.21925575357
1000,18.00558966705,15673.80588702988,263.39906886934
1001,16.60050974633,15673.90882787148,219.60410212840
1002,17.36221778776,15674.01097598645,244.92422235336
1003,15.02044930103,15674.11143683336,203.19287189392
1004,17.46296729392,15674.20645353570,245.10442603422
1005,17.03863413452,15674.31193120121,234.24249198033
1006,17.27983288249,15674.42253560453,241.29973428727
1007,15.55735719897,15674.53347152970,191.80398113307
1008,16.05529398314,15674.63924378142,236.50924903700
1009,16.83751548880,15674.73885835033,227.15050267628
1010,16.62555114746,15674.84314893082,221.81251829037
1011,17.46578711675,15674.94476232762,241.38198036530
1012,16.53544000116,15675.04556700560,223.68728621413
1013,16.76697216463,15675.15219800319,250.38428922761
1014,14.87031061547,15675.25731101934,180.90513645134
1015,16.03151634730,15675.36308020335,205.92855606976
1016,15.74989945361,15675.46311176529,200.46349271981
1017,16.19963183433,15675.56232583953,210.59521384626
1018,15.12397685375,15675.66565751330,185.84653899594
1019,17.30954764443,15675.76837946233,268.15835902900
1020,17.62268246837,15675.87324704963,249.22236552163
1021,16.00004196178,15675.98079027113,208.00054550314
1022,17.13380283976,15676.08755300877,234.30122994466
1023,15.46963438049,15676.19394527393,216.57488132691
1024,16.85715752762,15676.29562595281,228.03940024422
1025,15.23445036082,15676.40403161208,185.96016560448
1026,17.05409470655,15676.50895933292,236.30846807069
1027,14.61172609796,15676.61176834643,172.26971004526
1028,16.40892679085,15676.71734976093,242.82994126680
1029,18.17241233550,15676.82015853772,266.45987046773
1030,17.71073961190,15676.92819075275,248.58207623898
1031,17.30137440088,15677.02790337817,242.83636169935
1032,18.31245506512,15677.13129561175,270.99958727296
1033,20.20591566849,15677.23352102254,320.75896722700
1034,14.80449711704,15677.33145695563,201.36293093412
1035,16.03175456859,15677.43667872854,205.93161607767
1036,16.25394804687,15677.54244350010,213.16853018906
1037,15.67680609690,15677.64720086881,198.29765481204
1038,16.39696632622,15677.74917021921,211.89550322132
1039,15.43819988617,15677.85002935008,219.41804660633
1040,16.50539685480,15677.95390372703,217.09460076862
1041,16.81164475209,15678.05813593985,228.04424453543
1042,16.97607557347,15678.16252770903,229.64809375072
1043,16.05565617511,15678.26741959989,236.51458445783
1044,15.42669923558,15678.37392930775,188.30686218636
1045,16.78598698227,15678.48198717001,228.93034042742
1046,15.28535443485,15678.58476249652,187.20659451483
1047,17.92348888458,15678.68663412256,255.99862611797
1048,16.46680197890,15678.78860498825,220.31079539319
1049,17.86074410746,15678.88977240060,289.10139947590
1050,17.31711514317,15678.99495111276,240.57705218538
1051,16.48454398451,15679.10430557870,218.07001929662
1052,17.52698032601,15679.20886133641,247.86893284487
1053,12.58138136394,15679.31298601801,143.44981844970
1054,16.85707864856,15679.41259491636,228.03833318797
1055,16.37325872304,15679.51768463556,210.95468186581
1056,15.96194681734,15679.62164445615,208.11832416663
1057,15.92286366716,15679.72672828692,202.03849030681
1058,16.13040786619,15679.83425636628,233.19460136828
1059,17.19996676213,15679.93572613946,242.02498550861
1060,16.97509804645,15680.04243053911,230.88629546172
1061,16.53154612049,15680.14598191592,219.31574274454
1062,16.58140380107,15680.25476831078,221.84406327545
1063,14.51966842269,15680.35567421975,189.86930204464
1064,17.75403854796,15680.45283407134,252.95611201698
1065,16.48452959810,15680.56105884780,218.06982898230
1066,16.42078457226,15680.66991251587,219.08059143250
1067,15.26656865832,15680.77544519206,185.72582360210
1068,18.26524723620,15680.88028471204,302.34363943742
1069,16.48887881706,15680.98840017918,219.37026476235
1070,17.97474869920,15681.09417247627,261.09830650288
1071,14.33072624533,15681.19109841017,163.39541888748
1072,17.23941012610,15681.29498813225,238.87627384732
1073,15.46552194539,15681.39859485266,215.40979456474
1074,15.44535660050,15681.50237393361,193.52976350193
1075,16.71835445851,15681.61046681289,224.30026224698
1076,18.00267870510,15681.71411900090,261.50401327320
1077,19.18885508793,15681.81640938271,289.74535783251
1078,17.92340527319,15681.91759371949,296.14325696904
1079,15.86059239864,15682.01940597464,201.87238389689
1080,15.93410149707,15682.12407655944,203.43298959256
1081,14.01101471930,15682.22876751159,159.75014663650
1082,15.00669684876,15682.32959115420,179.45399381014
1083,15.43150139146,15682.43440623978,217.14047197278
1084,18.63709368639,15682.54221012156,278.31115899252
1085,17.49028868800,15682.65224745688,245.48790007398
1086,16.21325658152,15682.75188909556,213.25209540180
1087,14.58537447636,15682.85153025460,170.71743133123
1088,15.39500969030,15682.95615441677,211.08573801310
1089,18.73839376888,15683.05656611440,287.25413703523
1090,16.73954260928,15683.16225503245,222.07512798854
1091,16.41562239487,15683.26708710904,215.91380210560
1092,12.24197565591,15683.37121263252,122.41975655915
1093,15.81873027356,15683.46931151688,224.26920814285
1094,15.37223538519,15683.57229831674,191.99915842278
1095,14.09840592863,15683.67578286968,159.50525497685
1096,18.94850131788,15683.77416558902,286.11609549302
1097,19.12539782522,15683.87761802750,295.67147517387
1098,16.20501256875,15683.98237233546,236.50437224551
1099,16.57843498279,15684.08931951184,220.56173205409
1100,13.85637109638,15684.19074043613,154.91893846481
1101,15.80245016584,15684.28724216684,202.98614769302
1102,14.81981203170,15684.39182260848,175.97551773005
1103,15.36317599255,15684.49447719054,189.40995443709
1104,13.60424190175,15684.59442236916,167.72435855781
1105,15.22388183213,15684.69845587657,188.30901847735
1106,17.11470896766,15684.80208165379,233.41351059192
1107,15.62761028245,15684.91055753042,197.05666773613
1108,16.83637161563,15685.01637552217,225.88362856203
1109,14.34047920333,15685.12260054480,187.52609894774
1110,17.43930977718,15685.22589322122,245.39284025795
1111,16.28832566404,15685.32654506511,211.74823363250
1112,16.44185118319,15685.43242948235,218.12580493398
1113,16.11161304201,15685.53325423504,209.45096954611
1114,16.76563426853,15685.63362529335,253.15552585945
1115,15.10505745815,15685.73960640966,184.38072394177
1116,18.25751665910,15685.84002368197,267.08444304244
1117,16.55576496607,15685.94426902796,221.50103904155
1118,14.92457307932,15686.04675071275,178.47193636197
1119,16.08224987002,15686.15152794279,234.71270964262
1120,14.81968855917,15686.25779957032,175.97405157501
1121,16.83620097763,15686.35652560974,225.88133921303
1122,16.67391736144,15686.46525415231,224.32461557273
1123,15.10476807118,15686.57062461756,184.37719152366
1124,15.46536611171,15686.67593200156,215.40762405274
1125,15.87169719310,15686.78046014868,203.25689797262
1126,15.50489048883,15686.87735659856,194.27572098465
1127,15.52931552658,15686.98010337987,194.58176583042
1128,16.29499269842,15687.08492118236,213.08467937444
1129,16.36684341882,15687.19285231888,242.75951880244
1130,15.67380956664,15687.29905319824,195.76581874191
1131,16.01567221740,15687.39914136774,206.96809741612
1132,16.15156593889,15687.51047653732,209.34822144641
1133,19.84184866780,15687.61839386158,313.72717389310
1134,16.61799518782,15687.72117349199,251.47589938267
1135,14.37786368727,15687.82738601835,167.05567984451
1136,16.30098040139,15687.93108252489,214.40592210578
1137,16.87608144098,15688.03700873421,231.39317073514
1138,16.15901416686,15688.14214737242,210.68776804455
1139,15.72005549737,15688.24472961662,222.87025174514
1140,17.64998172060,15688.34777937646,249.60843524905
1141,17.41233337810,15688.44913391996,245.01324867579
1142,15.97250491936,15688.55629590192,203.29679773821
1143,14.20825643877,15688.66586312606,159.48728297187
1144,16.05585722608,15688.76825707012,236.51754612362
1145,18.14327364030,15688.87214928795,264.17005170533
1146,14.76891425177,15688.97697745408,175.99192481759
1147,16.34817915074,15689.08545882406,215.64729376638
1148,15.68388273455,15689.18566734025,194.63186623773
1149,15.99068635232,15689.28890019029,231.72706036165
1150,15.47036109274,15689.39229763992,194.45942360735
1151,16.64797213828,15689.49268199692,220.86030841188
1152,17.00959382725,15689.60016785792,235.07726366894
1153,17.13148525665,15689.70229120840,235.51898386682
1154,13.95773457109,15689.80704179768,176.55292888289
1155,15.00650350243,15689.91406002763,179.45168172428
1156,16.60405260039,15690.01783397439,224.00091611797
1157,14.55469476284,15690.12092070473,169.73545001254
1158,15.41354805279,15690.22059289342,190.65506006151
1159,16.84728768082,15690.32526943338,258.81294426532
1160,17.91688083352,15690.43392641877,259.02134145615
1161,16.23418883949,15690.53700251234,208.53193136928
1162,17.27467917220,15690.64236454576,242.46167630988
1163,18.41210223965,15690.74222663526,272.47423079149
1164,16.46302741940,15690.84486849229,217.16224647782
1165,17.13020464095,15690.94833842832,265.93228942883
1166,16.27256596784,15691.04821737987,212.16830239275
1167,15.21066582409,15691.15213270653,185.66983833414
1168,16.55832109601,15691.25444703851,222.76942687644
1169,17.80825512825,15691.35610632642,253.10286060018
1170,15.62631977280,15691.46022385134,220.98953352670
1171,16.06400684130,15691.56076164779,208.21332583189
1172,18.05950672577,15691.66490962882,263.56982341865
1173,16.51053709494,15691.76666471179,218.41387582660
1174,14.93052818971,15691.86816282212,177.91777715386
1175,16.33463652636,15691.97346192877,244.47445367655
1176,16.74225027694,15692.07731761157,220.20992114361
1177,18.46160888699,15692.18622640146,276.92413330481
1178,17.05697338308,15692.28468624312,235.11415267553
1179,17.75552699398,15692.38554009488,249.84241090957
1180,14.90500460142,15692.49122489278,203.27716094853
1181,15.67402997644,15692.59800555567,195.76857165938
1182,16.28828673815,15692.70463445133,211.74772759589
1183,16.87554661267,15692.80394758560,231.38583753881
1184,16.36775349290,15692.90815561008,214.66107462125
1185,15.43128780128,15693.01347024876,217.13746649254
1186,17.26238898200,15693.11658452843,240.43725633305
1187,16.22522755562,15693.22027159251,207.14983829286
1188,18.86269614619,15693.31953325577,294.64473292508
1189,15.72890333113,15693.42157480295,193.28000000000
1190,14.86091995973,15693.52445375189,202.67592659511
1191,16.85674957855,15693.62752579839,229.27658226576
1192,16.10343781041,15693.73458063788,208.10227883277
1193,18.83080611260,15693.83487967989,280.57269194413
1194,15.17402703960,15693.93434206414,187.07796952872
1195,15.91391877942,15694.03487601435,230.61459254077
1196,15.14208729343,15694.13771509346,181.70504752120
1197,15.22382403664,15694.24311415469,188.30830358670
1198,15.72373036941,15694.34603156861,197.01777682893
1199,16.25416447548,15694.45092358073,213.17136862368
1200,15.74055994439,15694.55409648057,227.01358393601
1201,17.11638213283,15694.65061193147,232.17790348429
1202,15.76213672036,15694.75310927017,199.37701130925
1203,16.90133055320,15694.85284127527,231.73936911987
1204,16.50570765884,15694.95472774054,217.09868875747
1205,15.39219360801,15695.05824738961,216.03973232045
1206,16.99314773592,15695.15452266764,232.99830290207
1207,15.25620222325,15695.25918565216,188.09109323428
1208,16.65110809266,15695.36117464180,222.15349046772
1209,17.39353965398,15695.46620926525,239.75339856181
1210,15.89165408638,15695.56777029149,230.29194648579
1211,17.78816730588,15695.66282809811,255.30823057050
1212,16.06381341497,15695.76158992066,208.21081874007
1213,18.27213490149,15695.86102261230,266.04629998920
1214,15.32994142962,15695.96687583983,189.62090324661
1215,15.24993801629,15696.07009119793,210.75833652458
1216,16.62529460661,15696.17428295085,221.80909560847
1217,16.38968209946,15696.27976133110,215.57261078943
1218,16.36848863396,15696.37625630149,214.67071590589
1219,15.89519976064,15696.47538766603,204.17753780971
1220,15.60511517101,15696.57438349906,220.68965517241
1221,17.86954697458,15696.67708155142,255.85297606391
1222,14.13111088819,15696.77903930075,160.49856711670
1223,15.44532936492,15696.87630167962,193.52942224108
1224,17.56873290797,15696.98090295830,245.96226071163
1225,14.89679449654,15697.08282343566,199.86147084669
1226,18.42068841577,15697.18091717848,275.69561952134
1227,16.47987623438,15697.27847275992,216.75892941509
1228,16.81122437399,15697.37779430305,229.27453256121
1229,16.11937733443,15697.48223534159,207.05715088397
1230,16.16601641641,15697.58548704106,239.78077297956
1231,15.89843542421,15697.68686127472,198.57139480370
1232,16.41679625233,15697.78690328348,217.79341371475
1233,16.64960594772,15697.87820835972,225.23169451309
1234,15.48794386487,15697.98033102369,192.20032881044
1235,14.80437371299,15698.08255790860,198.62151591932
1236,16.54184449789,15698.18061085983,216.31268551823
1237,16.92038841071,15698.28218441797,232.61688204042
1238,15.90902582645,15698.38030361098,203.11284486145
1239,15.22968642888,15698.48345620040,187.14552000250
1240,17.55152519180,15698.58026834036,279.17409845704
1241,18.84291350933,15698.67762399529,281.38470438700
1242,17.14303950447,15698.77597352075,238.77491046940
1243,17.12813843764,15698.86922869655,236.71558277970
1244,19.49742449150,15698.97099235140,300.79161509062
1245,16.07989597564,15699.07479457807,235.77755774525
1246,16.25411134337,15699.17654841855,213.17067180263
1247,18.81586479230,15699.28038324631,284.11332787667
1248,16.81144729004,15699.37908049055,228.04156602997
1249,17.52996031230,15699.48013785727,243.53399177585
1250,14.55541709968,15699.57933025537,191.99913814537
1251,16.60430657208,15699.67777639163,224.00434238342
1252,15.00312655167,15699.77878243374,181.90324221917
1253,15.12799993907,15699.87846795896,184.66077261108
1254,16.72007688335,15699.98539813593,225.56616927033
1255,15.44840210645,15700.09073331265,216.27762949026
1256,15.23438604696,15700.18971182733,185.95938055376
1257,16.24040466545,15700.28881265324,210.49970294799
1258,18.75422072682,15700.38720951234,283.80285775713
1259,15.72410731607,15700.49053509083,197.02249995704
1260,14.60996288897,15700.59081340184,194.37291417328
1261,17.71077224717,15700.68893398971,248.58253429689
1262,16.46966216834,15700.79037736939,221.57664299513
1263,17.16317793643,15700.88553826885,233.44445853849
1264,17.39856235617,15700.98896762376,247.28003226390
1265,15.75908269393,15701.08606236045,223.97864819109
1266,15.53818935133,15701.18355899183,193.44889735861
1267,19.07297802511,15701.28618782508,289.88416887165
1268,15.06970226955,15701.38440924891,185.79176738195
1269,16.43731859850,15701.48834562698,216.82312383892
1270,14.06902560844,15701.58884057821,176.28438560080
1271,15.24105030162,15701.69047606227,188.52138071675
1272,15.30371964797,15701.79060753074,188.67692739093
1273,15.56820012941,15701.88646071032,196.92388591309
1274,17.49001328417,15701.98930252761,245.48403459708
1275,16.00509814309,15702.09001908807,233.58671725805
1276,15.62419539696,15702.19056733030,190.71761006413
1277,15.91458228773,15702.29215638784,206.88956974044
1278,18.42029416788,15702.39444494863,275.68971895922
1279,17.63105041667,15702.49984693777,251.20380087773
1280,14.34883857474,15702.59876263323,185.42785963851
1281,16.57842020663,15702.70091624887,220.56153547015
1282,16.38002425166,15702.80076069599,218.53678092788
1283,16.98112929108,15702.89990151787,225.28013750008
1284,15.06970611224,15703.00298332216,185.79181475787
1285,15.38538443743,15703.10434258317,213.18614031686
1286,14.84917120569,15703.20391700717,176.94829680004
1287,17.37235444031,15703.30521516486,246.90754779379
1288,17.29341569434,15703.40248517340,239.62459695199
1289,18.31330287884,15703.50977218329,264.11821021107
1290,12.06180039293,15703.66273294123,247.78120614632
1291,17.32894639316,15703.81407926566,245.68021695380
1292,17.49303073219,15703.91216448574,248.62268015583
1293,16.21685905690,15704.01872697427,209.56800435921
1294,16.94794238717,15704.12188919051,231.75962648113
1295,14.34488844019,15704.22507085525,186.48354972241
1296,15.36942500384,15704.32413120090,188.23624449685
1297,14.20759041847,15704.41952497293,161.99145445009
1298,14.40029620717,15704.52183424727,167.31632217249
1299,16.28163193019,15704.62422427509,215.38574512781
1300,14.96797940870,15704.72963334709,203.03555106091
1301,13.87609807689,15704.83583565796,154.51768873526
1302,16.05496580314,15704.93704792796,206.85376446184
1303,14.84242851791,15705.04266206878,179.95488210514
1304,16.81104193384,15705.14488048972,226.79335489395
1305,16.99127672676,15705.24546687508,257.12467407944
1306,16.11157971687,15705.34539176498,209.45053631934
1307,15.61373586740,15705.44826081386,195.63954966901
1308,17.26667301754,15705.55161283105,239.25403955251
1309,15.72536695354,15705.66102259947,199.53253794207
1310,14.54887534817,15705.77217240640,193.01264260616
1311,16.64828033619,15705.87185620619,220.86439711924
1312,16.60404346486,15705.97111843319,224.00079287296
1313,15.73739538304,15706.07531566566,198.44100518111
1314,17.83561501636,15706.18123052427,253.49171767219
1315,17.75059573345,15706.28734362677,287.31849228651
1316,15.31570524300,15706.39448287920,191.90523664874
1317,15.48496761151,15706.49180803336,188.38276154031
1318,15.70107995521,15706.60228969488,201.68402376087
1319,15.03729962442,15706.70678995565,177.92372860091
1320,15.12273683378,15706.80956552544,209.54678836487
1321,16.92971542461,15706.91420235980,228.39434781356
1322,15.79577589174,15707.01078591416,204.12641062750
1323,16.67102665247,15707.11667574920,219.90594480060
1324,16.75944999117,15707.22270842731,229.79400086435
1325,15.41030023742,15707.33086218124,210.16847464303
1326,17.78834667429,15707.43378439854,255.31080499136
1327,16.11681971562,15707.53128251544,211.98366646987
1328,17.99964811396,15707.63657505114,259.59461686072
1329,17.32875289507,15707.74231839063,237.59988900864
1330,14.22638066255,15707.84589762620,186.57723323592
1331,15.98602090808,15707.95214708496,202.20894717046
1332,16.22916118246,15708.05872955396,212.84345350993
1333,15.53814282705,15708.16909110513,193.44831813599
1334,15.60542200799,15708.27263334534,199.23669078697
1335,14.99970573674,15708.37854170564,202.91225815745
1336,17.26221587424,15708.48343229247,240.43484522105
1337,16.33225782411,15708.58520386880,211.05928508532
1338,18.60784291281,15708.69161555570,277.87435179323
1339,19.36029125436,15708.79555590194,302.41741698970
1340,17.30833240241,15708.89843995527,269.81020003734
1341,17.83895349778,15709.00575283222,260.35095502774
1342,16.92953814156,15709.10804118850,228.39195613446
1343,16.99333791657,15709.21429292436,233.00091052784
1344,16.07066776053,15709.31459572194,205.80496449836
1345,17.36227414875,15709.41618568689,244.92501742303
1346,14.59727909507,15709.52391683876,193.10385151878
1347,15.95808880813,15709.62624956356,204.36325046095
1348,17.06847690205,15709.73373478630,232.15638521227
1349,16.18157953270,15709.83383408344,211.60160978973
1350,14.96479683117,15709.94210060629,205.18695647938
1351,19.05063338735,15710.04547563951,290.79529804139
1352,13.80384728531,15710.14248921703,148.02977060632
1353,17.35578794666,15710.24482822934,246.06076165275
1354,13.97891284196,15710.34653488143,158.76992960679
1355,16.25763005764,15710.45601545748,209.46491072518
1356,15.97940621813,15710.56230451493,235.39135245212
1357,14.19757878438,15710.66688371289,160.62726775780
1358,15.36459117266,15710.77400623076,193.12991632750
1359,13.30171990968,15710.87335245258,138.23552826965
1360,16.07479683477,15710.98170987751,237.88526946443
1361,17.79205377831,15711.08754913989,249.08875289632
1362,16.96510815706,15711.18877617482,233.84787792145
1363,17.48999737077,15711.29505653568,245.48381124187
1364,17.65544254178,15711.39829521997,254.63041350160
1365,17.34743018881,15711.50619216280,238.48773585956
1366,14.38259679114,15711.61457880259,188.62598855539
1367,17.73008080142,15711.71477314048,250.11356876377
1368,17.93480345852,15711.81858265462,261.74983915067
1369,15.43775529951,15711.92444157507,190.95448716691
1370,16.11969534070,15712.02998349344,207.06123574855
1371,14.87558517616,15712.13673922673,201.78225471364
1372,15.63808127389,15712.24142453306,195.94459673805
1373,17.20642602137,15712.34876808236,235.92262741969
1374,17.01488154025,15712.44834554105,235.15034131656
1375,16.60086766356,15712.55567001627,219.60883692832
1376,16.12595903836,15712.65713299487,239.72961568073
1377,15.97238485020,15712.75839783242,203.29526950736
1378,18.52849410614,15712.86562143332,273.56993704971
1379,16.92149239941,15712.96908366770,231.39792833857
1380,19.03189602206,15713.07799640646,288.63299399890
1381,15.49131224182,15713.18243818511,218.53185177391
1382,15.26661918803,15713.28634903400,185.72643832258
1383,18.68887360911,15713.38965404037,287.71155214250
1384,16.78927349045,15713.49053787079,224.62517017538
1385,16.46314927660,15713.59623165076,217.16385388462
1386,14.06928958830,15713.69931042786,177.40699144506
1387,15.96800297019,15713.80138264971,205.73332673661
1388,16.39537228960,15713.90645394442,218.74154929419
1389,16.20078356502,15714.01018352550,206.20231054846
1390,17.28019326771,15714.11854238327,245.59769142357
1391,16.28395710454,15714.22232471868,237.65652981406
1392,14.20797031331,15714.32470412333,161.99578591773
1393,16.69784951909,15714.42678598406,223.40200080263
1394,17.29769255742,15714.52757632895,238.43223751020
1395,18.41602558099,15714.63486060953,277.46540251230
1396,14.30579122526,15714.73787019034,184.31722651011
1397,16.64799704274,15714.83957400774,220.86063880685
1398,15.79851470492,15714.94483691740,201.70193331175
1399,15.77421757896,15715.04308933107,198.27884041441
1400,17.74008516470,15715.14713812865,257.07825763110
1401,15.91428129118,15715.24709049455,228.41290659041
1402,15.99158695801,15715.34807753016,210.33648671684
1403,14.31103158811,15715.45504996822,160.00219729580
1404,16.03728294867,15715.55804458301,211.54629120218
1405,16.62550113526,15715.66544057324,221.81185104445
1406,16.15885975530,15715.76451422603,230.79468085863
1407,16.51255468158,15715.87089908563,221.53916850118
1408,16.55310091147,15715.97627452676,218.35039744101
1409,18.46952993841,15716.07079775176,273.32408312467
1410,14.97071928914,15716.17468258001,183.35311670421
1411,15.10208907892,15716.27753527687,205.41061922720
1412,16.67187993390,15716.38169594348,223.05455143295
1413,16.30111496747,15716.48781024551,214.40769204630
1414,15.90933807253,15716.58877170694,203.11683135254
1415,14.92022469956,15716.69509772929,182.12455259438
1416,14.11197458922,15716.79596038763,175.12499915274
1417,15.06494541508,15716.90059588534,186.95105609578
1418,15.72393795247,15717.00518344281,197.02037783714
1419,15.76206120976,15717.10619661231,199.37605616730
1420,16.16158458697,15717.21170384372,212.57245642513
1421,14.30858158564,15717.31302753888,183.23925110857
1422,18.24004773815,15717.41773016879,271.77059040812
1423,15.05683992122,15717.52303907579,181.93248898515
1424,16.24734393487,15717.62512433588,211.83944731672
1425,16.28667004627,15717.72982051524,216.68005203925
1426,15.25785482819,15717.83001088661,208.64802671044
1427,16.19950218781,15717.93413610379,210.59352844158
1428,17.33853627927,15718.04114956406,240.87464411880
1429,19.85984194009,15718.14248813850,316.51379710665
1430,15.90898890128,15718.25178096234,203.11237343245
1431,15.13718758470,15718.35572315038,208.65173163708
1432,15.99980780025,15718.46204531462,207.99750140331
1433,15.35114779522,15718.56557826341,186.75477321171
1434,15.38703898282,15718.66412525716,189.70415713981
1435,15.61679301876,15718.77084781955,198.15488915174
1436,14.40591418285,15718.87638366115,183.92240005315
1437,16.17524990265,15718.98276242502,215.19770344065
1438,17.25217355620,15719.08679825563,237.17817367140
1439,16.53514033252,15719.18908105923,223.68323237198
1440,17.17186610530,15719.29298100601,231.66113909755
1441,16.56559014301,15719.39073797805,251.77517240109
1442,16.29180021163,15719.49253397646,207.36076333289
1443,16.51514882802,15719.60020664025,222.80153865659
1444,16.75941671860,15719.70763472731,229.79354465386
1445,15.82311611678,15719.81235608875,202.01602311240
1446,17.02829443013,15719.91446607996,258.24687137670
1447,17.54372319974,15720.02117496298,248.72520371988
1448,15.27069462529,15720.12605656021,184.51650520608
1449,16.15941077444,15720.22834260048,210.69293917479
1450,15.81140064120,15720.33275970038,200.62418305896
1451,15.20156675419,15720.43294528099,211.73332417387
1452,17.22164390520,15720.53945757255,238.00785405178
1453,15.76195760337,15720.64795910464,199.37474563859
1454,16.46324296703,15720.75225054630,217.16508974624
1455,19.44092192674,15720.85919324377,301.17746742869
1456,14.62594004997,15720.95965853285,192.92939975050
1457,13.59027431969,15721.06699804011,153.75640207423
1458,16.12549631631,15721.16829816566,204.60961038769
1459,16.98088753515,15721.26506051515,235.90602897318
1460,17.09670684721,15721.37115486681,231.27996337463
1461,15.02832704807,15721.47649111498,204.95905488337
1462,18.21492752264,15721.58047778712,265.83811527236
1463,15.93407304905,15721.68315740082,203.43262639265
1464,15.54614982915,15721.78737060123,199.08785753962
1465,16.20111328343,15721.89302642619,206.20650717878
1466,15.72737017760,15721.99507332330,202.63299007998
1467,17.55517358467,15722.09902742057,271.39639751013
1468,17.50501596941,15722.20450940253,255.47729725161
1469,16.92953244323,15722.30694726136,228.39187925989
1470,17.26833412589,15722.40995566688,232.96256384658
1471,15.04401007054,15722.51280491300,207.36736823930
1472,15.92272491759,15722.61691877734,202.03672977208
1473,16.02032045978,15722.71845726545,212.53356794543
1474,15.11110174548,15722.82119841306,181.96176085800
1475,16.57290171738,15722.92665469775,219.23888223455
1476,14.52495787561,15723.03019427307,188.82445238294
1477,15.49916447470,15723.13417806178,197.88008541658
1478,16.55337856548,15723.23747623455,218.35405994887
1479,16.98228662002,15723.33719784236,226.57196312508
1480,16.53297186908,15723.44213633100,222.42838790741
1481,17.18926901703,15723.54303347624,267.40227108288
1482,15.65316802730,15723.64959254260,200.45835917643
1483,17.05056075874,15723.75293094692,228.75727746621
1484,15.67719489229,15723.85424479875,200.76605317952
1485,16.97632435643,15723.95878149546,228.39308559254
1486,16.22997513666,15724.05762690364,235.75400656117
1487,16.77741898948,15724.16682322165,231.86854357196
1488,16.68932591387,15724.27039073474,217.60218727785
1489,15.97432914236,15724.37267283658,211.32051135886
1490,18.25747285797,15724.47679339605,267.08380228716
1491,18.78175918144,15724.57572388591,281.09963191142
1492,16.60630294342,15724.67851089693,254.56980359108
1493,18.31154627113,15724.78442733859,261.54119422248
1494,16.47993007926,15724.89314006990,216.75963763393
1495,16.80282942336,15724.99868225506,232.21972275510
1496,16.27111097513,15725.09916359555,235.79079921971
1497,16.65060460729,15725.20331369123,226.47270751867
1498,16.92172204619,15725.30265565725,231.40106871094
1499,15.21856896107,15725.40535427317,183.25583749860
1500,17.50815987025,15725.51137000857,252.50627260476
1501,14.15769935658,15725.61389770538,176.26193552795
1502,16.27578500983,15725.71684559438,214.07452847012
1503,18.23742028342,15725.81680966332,273.56130425136
1504,18.90715754182,15725.91757880383,284.86505161673
1505,14.97286577390,15726.02254340824,182.15277380136
1506,14.65359181041,15726.11948954067,192.18005491389
1507,16.29489648072,15726.22512029894,213.08342116479
1508,18.08795389310,15726.33212451057,263.98499615746
1509,17.43373931100,15726.43177986290,242.19724690474
1510,15.60355561670,15726.53657385619,196.75334994213
1511,18.51159470471,15726.63360045524,274.57132128559
1512,17.39644884227,15726.74058766790,272.85263852703
1513,14.97660359836,15726.84360756104,179.71924318035
1514,15.22946029628,15726.94220139069,187.14274123868
1515,15.32276984667,15727.04611162231,190.76694615408
1516,17.56901084742,15727.14412874762,245.96615186391
1517,16.67531990898,15727.24622482726,252.34337982463
1518,16.41559278185,15727.34713310046,215.91341260711
1519,14.98324756164,15727.44862567052,177.91620712163
1520,15.86740442050,15727.55304896403,205.66506721212
1521,18.05114080301,15727.65295639453,257.82186019654
1522,16.05551040978,15727.75585741867,236.51243720049
1523,17.12828552672,15727.85537439475,236.71761559127
1524,18.45999839275,15727.95820241197,268.14696544866
1525,14.12643258345,15728.06157687797,164.13431441111
1526,18.14232990201,15728.16070834638,262.28062083027
1527,18.13155782296,15728.26448547100,297.93189667034
1528,16.62769045589,15728.36345128256,223.08387700922
1529,14.79753344143,15728.46135334792,176.95276324735
1530,17.39529729069,15728.56292236022,244.15463227795
1531,19.37408254395,15728.66042407306,296.99906142727
1532,16.10421690260,15728.76167848562,235.03330792845
1533,16.60224939487,15728.86292896071,222.74254935798
1534,18.09843687800,15728.96438393756,261.01936867753
1535,15.66524545482,15729.06761515716,199.38602322100
1536,16.50573204218,15729.16980783565,217.09900947016
1537,15.79443464497,15729.27607485956,229.97043970889
1538,16.03582753615,15729.36963437209,203.47184111771
1539,16.30125495469,15729.47062619755,214.40953329060
1540,17.54353458615,15729.56989550722,251.79709051089
1541,16.57493393670,15729.66425775983,217.37822066851
1542,14.87569407933,15729.76791442561,201.78373194808
1543,16.94926484922,15729.86506241808,230.53492599142
1544,16.11924742268,15729.96384652961,207.05548213732
1545,16.36809502849,15730.06525288753,214.66555381845
1546,15.66518943134,15730.16296665848,199.38531015853
1547,16.45747792524,15730.26334422219,248.50246711543
1548,16.03618449411,15730.36306654031,203.47637040648
1549,15.82306117956,15730.46166175542,202.01532172092
1550,16.48441175292,15730.56039256022,218.06827003708
1551,18.29895238728,15730.66183658123,270.18079418577
1552,17.25403576581,15730.76547715097,274.44223946504
1553,16.74254050500,15730.86399145072,223.37335099769
1554,17.80014204101,15730.96373555905,251.10190417312
1555,16.76595907397,15731.06264740463,226.80569043038
1556,16.76565161111,15731.15381667011,226.80153114997
1557,15.46387326683,15731.25640013592,191.90162054436
1558,16.33699717062,15731.36077013073,242.86692306321
1559,16.23408642029,15731.46073809041,208.53061577079
1560,17.27452773553,15731.56715325113,242.45955079484
1561,17.42404998964,15731.66420956410,250.08216393133
1562,15.88607649954,15731.76720012803,199.68488524363
1563,17.05893732044,15731.86485874615,263.72477103622
1564,17.48968040787,15731.96744712160,245.47936245554
1565,16.60088659976,15732.06648415958,219.60908743079
1566,16.64962029934,15732.16305508474,225.23188865812
1567,15.58818528455,15732.26928479677,194.69637180139
1568,15.62069983097,15732.36478297200,218.68979763358
1569,17.29085733463,15732.46530671803,240.21226705091
1570,15.20592976739,15732.56680922893,186.85359325874
1571,18.38495698867,15732.66876119029,270.82732807846
1572,17.70804481309,15732.77189657472,254.77439859252
1573,15.60498739043,15732.86770015331,220.68784808211
1574,16.24761002949,15732.96879484717,211.84291676613
1575,16.95537495689,15733.07160705189,226.21291675618
1576,15.91438661882,15733.17328858183,206.88702604472
1577,17.43377549749,15733.27707036921,242.19774962350
1578,13.65667912941,15733.37519664612,171.11769902747
1579,16.21696519376,15733.47682277837,209.56937594976
1580,17.31820378133,15733.57862262706,243.68872784338
1581,16.69547962402,15733.67958926665,222.11890972640
1582,16.42115591148,15733.78033738134,219.08554571557
1583,13.77884051913,15733.87772897972,170.99091406260
1584,15.95804139719,15733.98026802457,204.36264330457
1585,17.25218387970,15734.08601395642,237.17831559610
1586,17.44915514874,15734.18599343629,247.38447020048
1587,19.31966471852,15734.28956986327,301.16376789912
1588,15.99055593874,15734.38597567542,231.72517048936
1589,16.53295794264,15734.48921658330,222.42820054631
1590,15.34184919159,15734.59201220579,187.27113540532
1591,17.17661353452,15734.68867102033,236.76327835558
1592,15.70995547701,15734.79349606741,195.58736837767
1593,16.01346217826,15734.89289367314,237.51802795920
1594,16.25067515153,15734.99439541565,207.47473144824
1595,17.57928247129,15735.09769346931,251.08237518773
1596,17.88510122733,15735.19941412231,256.69949407396
1597,16.00005604690,15735.30203745793,208.00072860973
1598,15.26471238734,15735.39999739828,209.85509993013
1599,16.64480670797,15735.50109190978,219.56007997840
1600,17.43893844194,15735.60658463983,245.38761510801
1601,16.92038406623,15735.71250158034,232.61682231370
1602,18.05141174679,15735.81956601766,257.82573004769
1603,17.99691012272,15735.92049535153,298.98712616836
1604,15.83385906598,15736.02419139584,203.38960232028
1605,15.45040069471,15736.12457039712,189.22799011791
1606,16.53157067784,15736.22542303091,219.31606853450
1607,16.67376462811,15736.32722735196,224.32256075597
1608,16.54375523414,15736.42780916361,246.49640133040
1609,16.10337172744,15736.53340692767,208.10142485257
1610,15.42049836394,15736.63824936640,189.49025631576
1611,17.31128643543,15736.73530538256,240.49607718952
1612,17.99203964572,15736.83785559302,264.42789938364
1613,15.95295815803,15736.93807196201,229.52309887311
1614,16.42057255805,15737.04223314240,219.07776281013
1615,16.28332467848,15737.14489872949,209.79596275682
1616,16.44456010343,15737.24219661571,221.23892925111
1617,16.42970004005,15737.34829519249,213.58610052059
1618,14.30383437012,15737.45452772194,189.76180667629
1619,17.87939714095,15737.56401634677,254.74219703678
1620,15.90922965647,15737.66417511896,203.11544718889
1621,16.47838029734,15737.76582744750,214.85179293652
1622,15.27349406759,15737.87101665516,189.53907681276
1623,16.31378436669,15737.97001674366,212.07919676697
1624,15.68177642536,15738.07293533058,226.70881186598
1625,16.60459028609,15738.17945213041,220.90970573217
1626,17.96761728770,15738.28783866174,257.25712925875
1627,17.08584994782,15738.39464558511,234.26937159304
1628,17.87806132724,15738.49742998680,259.69384129995
1629,15.56600409712,15738.60576240152,219.58551005654
1630,17.08346900662,15738.70802454778,235.47936964207
1631,15.92374689781,15738.81095512516,199.52397674642
1632,16.13433780367,15738.91888151727,210.36602763203
1633,14.94525106184,15739.02624323097,181.20153919686
1634,13.73787762142,15739.13200540182,171.03519707614
1635,16.92187774775,15739.23782313088,231.40319789776
1636,16.69777530085,15739.33976976533,223.40100783025
1637,16.64939525667,15739.44442011648,225.22884433744
1638,16.54906397128,15739.54667580448,217.03893925277
1639,15.21000908892,15739.65165176511,209.65550680134
1640,17.74479214878,15739.75665664593,254.06675879121
1641,15.61649601539,15739.85652895775,198.15112060143
1642,17.00345656858,15739.96103833284,228.75811217439
1643,16.89274314876,15740.06427752518,233.46235516285
1644,13.97665974777,15740.17164668407,172.88173330012
1645,16.46667060838,15740.27479321751,220.30903777544
1646,16.41006240328,15740.37768568547,214.58941101930
1647,15.99121435619,15740.48126707396,206.65203219376
1648,16.06390775423,15740.58182390214,208.21204151657
1649,16.12866840243,15740.68593160215,234.28244124536
1650,16.83062444372,15740.79250565654,230.15532773311
1651,16.71495543047,15740.90007119238,220.48540518004
1652,18.51164359087,15741.00796510911,274.57204638453
1653,17.14272290051,15741.11062961442,238.77050068645
1654,15.30834904467,15741.21802664967,212.67038167405
1655,14.29882778623,15741.32049115677,161.77276945056
1656,15.79936257115,15741.42120955569,207.80816965237
1657,16.88204016205,15741.52779798460,221.40588105492
1658,16.82941765293,15741.63278410095,231.36624088976
1659,13.89590986879,15741.73949933505,176.31932986518
1660,15.49612201463,15741.84520511800,191.04902307735
1661,17.19141504772,15741.94856651510,232.56115216385
1662,17.74011623131,15742.05527595332,257.07870782905
1663,16.94889819853,15742.15367816853,230.52993900282
1664,14.77222336920,15742.25554795261,196.53164945802
1665,17.02487162853,15742.36176701156,237.12902241139
1666,17.44560705070,15742.46801858035,244.23849870986
1667,17.38328810889,15742.57695202385,242.12118631485
1668,17.17656824417,15742.67782749628,236.76265407130
1669,17.27291989248,15742.78751794315,268.70357331097
1670,16.85708271770,15742.89038417457,228.03838823428
1671,17.61418871614,15742.98957611766,250.34465864847
1672,17.23107260612,15743.09414755145,241.23501648565
1673,17.02252242739,15743.19343776897,230.90472849548
1674,15.81602516334,15743.29884603978,228.10195880183
1675,15.42705309459,15743.40533852636,188.31118158599
1676,15.79573014715,15743.51291336226,204.12581947721
1677,17.48330298309,15743.62089679951,246.63233923502
1678,18.72090168103,15743.72520777678,275.77610241994
1679,15.43118214316,15743.83305948144,217.13597975090
1680,16.16831975689,15743.93467237909,208.31422799308
1681,18.62502227499,15744.04080001708,281.84773040841
1682,15.38705643858,15744.14819583298,189.70437234887
1683,14.87151102019,15744.25083566892,179.69315135381
1684,15.62072112743,15744.35839553363,218.69009578407
1685,16.48996744293,15744.46396548510,222.46182319887
1686,16.14019079813,15744.56743828510,203.52006210939
1687,15.09265307012,15744.67269872058,186.07472385484
1688,18.27187761343,15744.77400552347,266.04255381853
1689,13.36018118846,15744.87867594619,161.98358831715
1690,16.38776516096,15744.98512143191,213.67031610639
1691,16.00005575346,15745.09010897655,208.00072479501
1692,16.32809000234,15745.19846915262,216.61659232367
1693,16.92964387779,15745.30092676972,228.39338259418
1694,16.06820320187,15745.40251687312,232.85038623258
1695,16.55334823047,15745.50321477857,218.35365980268
1696,17.56163026541,15745.61001171411,247.11404209519
1697,15.25300835916,15745.71466023588,192.33311721269
1698,17.86563151479,15745.81185382190,250.75608769521
1699,15.96752086345,15745.91792318741,232.49061309053
1700,15.62332891925,15746.02387853431,194.50887643097
1701,17.56875886176,15746.12633374729,245.96262406461
1702,16.58025192923,15746.23298906267,224.90547957476
1703,16.69543029675,15746.33892799961,222.11825346975
1704,17.39805493115,15746.44581517565,275.63702792301
1705,16.78553654630,15746.54701523563,227.69009560157
1706,17.65799524516,15746.65050807497,251.58770558968
1707,15.36327155952,15746.75550910350,189.41113266589
1708,18.76217152871,15746.85804644207,282.05728529304
1709,14.28586488603,15746.96393605085,184.06049358826
1710,16.07080179130,15747.06784320752,205.80668092971
1711,17.27472542745,15747.17070982843,242.46232553320
1712,16.27241072165,15747.27343668379,212.16627823006
1713,17.19977628559,15747.37124424516,242.02230526606
1714,15.89779355779,15747.47404036064,227.62176346132
1715,18.01477117348,15747.57676990457,260.43652568426
1716,17.02204814916,15747.68211283445,230.89829507243
1717,17.15625721623,15747.78822894292,240.79954495158
1718,15.05690282774,15747.88898321026,181.93324908756
1719,15.56251969744,15747.99544879881,216.76081691721
1720,16.29520087141,15748.09523171515,213.08740158954
1721,16.10312683645,15748.19868540863,208.09826016350
1722,17.65508247869,15748.30275672752,254.62522059783
1723,17.79311834410,15748.40477209613,257.23212790219
1724,14.33534330201,15748.50917432065,183.02141136107
1725,16.36191945612,15748.61226287775,213.33332934411
1726,16.67388410475,15748.71797481065,224.32416814975
1727,17.44553416456,15748.82218964691,244.23747830389
1728,15.78512618448,15748.92567305175,197.15616285303
1729,15.92982152696,15749.03167932299,231.39402353740
1730,15.62768849531,15749.13380583604,197.05765396276
1731,16.71837463682,15749.24082490741,224.30053296742
1732,17.43921670034,15749.34178524790,245.39153055073
1733,17.44924667363,15749.43721736669,247.38576778971
1734,15.40388825610,15749.54265486923,213.99765481764
1735,17.69444588026,15749.64750714725,250.86206651639
1736,15.89814402072,15749.75138453218,201.72483315618
1737,16.10153654628,15749.85543218575,211.78264776215
1738,17.62268279560,15749.95644546122,249.22237014932
1739,18.17166530628,15750.06434779741,264.58344060182
1740,14.63124038387,15750.16979067308,195.20509404306
1741,16.40978653935,15750.27681184524,214.58580363036
1742,15.82336012447,15750.38319006508,202.01913839404
1743,17.22044161263,15750.48305628563,237.99123803786
1744,14.98180992435,15750.59128196696,180.40488116560
1745,16.20212266573,15750.69666336033,237.56975282689
1746,17.40611399263,15750.80288960713,246.15962476583
1747,16.76543425747,15750.90404585669,226.79859084438
1748,17.20914514738,15751.00591127991,234.70144836978
1749,16.44719667329,15751.11288777978,222.49355260105
1750,15.76017013627,15751.21535617216,225.10025409963
1751,18.82159614121,15751.32369168405,280.43546646106
1752,16.53515438536,15751.42759635721,220.60647505789
1753,15.10802385044,15751.52943799084,183.17505437642
1754,16.48482375927,15751.63961227898,218.07372036880
1755,14.93647524695,15751.74072833698,203.15802757590
1756,17.77337792630,15751.84455188335,255.09596304072
1757,19.82238080444,15751.95007275120,310.90189460020
1758,17.20646173602,15752.05508396869,235.92311711431
1759,16.44452685682,15752.16346104217,221.23848196363
1760,17.11823085124,15752.26799796466,265.19449201356
1761,16.02157383576,15752.37584286606,204.54976165348
1762,17.14276754505,15752.47885121405,238.77112251291
1763,17.25534330454,15752.57726119423,235.96327080338
1764,14.84826715482,15752.68374442436,175.68706625738
1765,17.97750985459,15752.78858761055,294.30452023931
1766,17.41230351852,15752.89513468949,245.01282851428
1767,17.65013894973,15753.00099635649,249.61065880476
1768,17.88509591372,15753.10470040247,256.69941780940
1769,16.81140692888,15753.21167462660,228.04101854446
1770,16.69828644471,15753.31306932503,252.69092657523
1771,16.98081732720,15753.41690576348,235.90505361317
1772,15.41337335490,15753.51800688012,185.60159303125
1773,16.01604164103,15753.62365646396,206.97287142159
1774,14.92231891083,15753.72937744081,180.92350164208
1775,16.16906314225,15753.82784513558,234.31198562730
1776,15.95257376401,15753.93297382585,206.76898807351
1777,17.35102909463,15754.03767286637,242.91440732482
1778,18.33816690863,15754.14422769075,273.23253312206
1779,17.47099538032,15754.25376735950,240.18647638958
1780,17.16584992912,15754.35532023478,265.37759985654
1781,16.87556611102,15754.46063737428,231.38610488677
1782,17.00956887092,15754.56454505070,235.07691876564
1783,18.48598189865,15754.66775476019,272.31551793159
1784,16.59717283562,15754.77173584430,218.30172532853
1785,16.04955126633,15754.87201889072,238.59373248882
1786,18.72097435842,15754.97678981488,275.77717302474
1787,17.61872055298,15755.07928744440,255.31951731908
1788,19.09506200450,15755.17707612189,288.96072222159
1789,16.34043828433,15755.28419762492,212.42569769634
1790,17.16573535450,15755.38440949010,267.03617321091
1791,15.22945213989,15755.48720808320,187.14264101118
1792,15.89013080733,15755.59063878359,206.57170049535
1793,17.14338199400,15755.69041350973,232.54414742011
1794,17.71058688640,15755.79792425618,251.71473406986
1795,17.50152236120,15755.90033803835,278.92836782905
1796,17.70277290227,15756.01053548257,249.72834344037
1797,17.93222361829,15756.11282237104,259.86260834960
1798,18.80628224639,15756.21394287471,288.90758982008
1799,15.72390472705,15756.32074013627,197.01996152385
1800,16.59538360524,15756.42154454241,248.37695861160
1801,16.33233631035,15756.52281963298,217.90054443497
1802,16.39000347332,15756.62397548817,215.57683780266
1803,18.08785267704,15756.72874517321,263.98351895781
1804,14.27604553837,15756.83579864729,161.51501773934
1805,17.09478409827,15756.93964548448,238.71566864458
1806,16.42532070310,15757.04765699971,240.28172690141
1807,15.86038594917,15757.15277927880,201.86975622408
1808,15.52247359811,15757.25002595269,198.17767638274
1809,17.38853048443,15757.35076599705,240.94254614389
1810,14.42480013569,15757.45366988224,166.97913372609
1811,14.30886052666,15757.56013500217,188.74683357721
1812,15.53009929213,15757.66657584056,190.83705506928
1813,13.59344717250,15757.76930561061,148.28700185029
1814,16.53159523525,15757.87128133471,219.31639432542
1815,18.19791847607,15757.96467808948,268.07207873817
1816,13.58032952315,15758.07070760797,166.32438935288
1817,17.59590243801,15758.17612374866,246.34263413212
1818,18.01900334611,15758.27692419777,264.21045312631
1819,17.33836086665,15758.38260095741,240.87220720884
1820,16.62786672014,15758.48490896703,223.08624184219
1821,15.16997808491,15758.59451370007,208.55271859479
1822,11.51852044921,15758.74779102582,211.45192738583
1823,15.47059743649,15758.89586082326,194.46239440211
1824,13.64897319749,15758.99562896283,168.82847452348
1825,15.70973718262,15759.10231762623,195.58465063442
1826,16.60563892787,15759.20177745214,225.24984557892
1827,17.88251348843,15759.29920305153,251.62926927409
1828,14.29292893085,15759.40336989220,164.83409755616
1829,16.88505913569,15759.50683874237,261.58221132895
1830,17.11244938716,15759.61179478505,234.63408473038
1831,15.26194887027,15759.71323671578,186.91993606307
1832,16.85679035921,15759.81619962381,229.27713694273
1833,16.69243595045,15759.91671374096,220.82017150380
1834,15.60673344254,15760.01525717776,221.26363433260
1835,16.02142883239,15760.11974904486,204.54791037440
1836,16.97807462790,15760.22320802432,237.08590958506
1837,16.06054217116,15760.32250700590,204.41732901766
1838,17.29359579844,15760.42084294854,239.62709254766
1839,17.32411287605,15760.51923694333,242.53758026464
1840,16.65429672557,15760.62467434196,252.57491535652
1841,16.50949370493,15760.72377920750,220.26411887993
1842,16.41558789724,15760.82319461288,215.91334836008
1843,17.08591054456,15760.92397902245,234.27020245370
1844,18.08770336038,15761.02104407004,263.98133975287
1845,15.95817150658,15761.12725629038,226.80823186630
1846,18.08833794222,15761.22832867434,265.84318952085
1847,17.34345889220,15761.33423728887,239.69137066651
1848,17.87807050798,15761.43656281402,259.69397465800
1849,11.44158395756,15761.53703684033,236.15163203553
1850,17.62075819012,15761.64146088389,281.38094355276
1851,15.85741160698,15761.73272931437,204.30845669462
1852,17.92877937285,15761.82903799888,257.95021587249
1853,17.35063464575,15761.93106122444,242.90888504043
1854,16.15154614468,15762.03090278777,209.34796488414
1855,15.78087684895,15762.13436475703,224.28840133317
1856,16.16836299165,15762.23523355113,208.31478503398
1857,18.04688356479,15762.33878203705,264.61925737981
1858,15.57285856121,15762.44005343064,193.25409247984
1859,17.14648567422,15762.53730083251,237.58867487204
1860,16.21400888238,15762.63869511782,239.39697224545
1861,15.45426855909,15762.74216401819,189.27536158853
1862,18.64619797830,15762.84454892977,284.01042617955
1863,16.69243689204,15762.94445254473,220.82018395986
1864,18.46961718441,15763.04014435947,273.32537424752
1865,14.88640600453,15763.14659519141,200.82859666677
1866,18.33812890431,15763.24934440023,273.23196687038
1867,17.39323582626,15763.35107884865,239.74921058582
1868,17.08336836362,15763.44724945805,235.47798237408
1869,18.01477083898,15763.54170496693,260.43652084836
1870,15.49135787112,15763.64959117144,218.53249545435
1871,16.94875626333,15763.75197514612,230.52800847546
1872,14.50644805259,15763.85577031755,169.79362122602
1873,16.32293976476,15763.95517515689,215.31436339948
1874,16.35031102198,15764.05166446691,213.18197388058
1875,17.51678157383,15764.15782991901,278.07028688748
1876,19.10677256326,15764.25775487614,296.61687515376
1877,14.77172257959,15764.35956264301,174.15604074395
1878,17.05122810642,15764.46179535146,237.49612566912
1879,16.36192985875,15764.55950393019,213.33346497787
1880,16.79102072050,15764.66148429112,252.98223562504
1881,16.92959860732,15764.76218212633,228.39277186224
1882,15.74847208904,15764.86361927759,202.90486919022
1883,15.73439933959,15764.96557498821,195.89169201249
1884,15.94340245871,15765.06757823775,205.41637131799
1885,16.54531197236,15765.16875770441,249.28026006016
1886,19.05330118575,15765.26634089172,287.69853879548
1887,16.81148671999,15765.36952958919,228.04210088374
1888,17.32260691095,15765.47472884670,246.80915738450
1889,14.81711136676,15765.57327064288,171.52046455204
1890,14.25639944936,15765.67604248641,185.33319284173
1891,17.83124277897,15765.77440893193,256.54690865767
1892,16.92043309692,15765.87857273353,232.61749637422
1893,18.57085937950,15765.97746406685,274.82362191490
1894,16.78555321460,15766.07606242588,228.92442462518
1895,15.79696416197,15766.17723428961,221.15749826759
1896,17.31858587375,15766.27157120033,243.69410436025
1897,17.35090668859,15766.37668003942,242.91269364025
1898,16.43741138471,15766.48047056351,216.82434777319
1899,15.83601657819,15766.58368462606,200.93652428425
1900,15.60518906917,15766.69034281447,220.69070025019
1901,16.99435619048,15766.79077613153,231.77211754909
1902,16.81176987587,15766.89435704195,228.04594179709
1903,16.13420987645,15766.99662128028,210.36435966518
1904,16.36204734825,15767.09816162223,213.33499685350
1905,15.41319723160,15767.20250471888,216.33453222583
1906,14.84836516817,15767.30618688305,175.68822596693
1907,15.02357181924,15767.40851635599,183.38606495846
1908,17.75460887828,15767.51128014267,252.96423797331
1909,17.57058673836,15767.60799161731,249.10606011164
1910,17.26100578022,15767.70856504600,265.72980632423
1911,15.67556827538,15767.80965613760,203.17858658586
1912,16.78953501301,15767.91176715616,224.62866910886
1913,13.86090714492,15768.01701628088,153.09872344138
1914,17.71739172907,15768.11818873576,253.67444448476
1915,15.89783985244,15768.22589948513,227.62242629986
1916,15.02629849830,15768.32990392299,182.18418714131
1917,14.84919381540,15768.44059048176,176.94856622576
1918,17.75421326954,15768.54357821443,252.95860141634
1919,16.04747906714,15768.63971766084,209.23352826388
1920,16.87579768219,15768.74198382633,256.48991881117
1921,15.62782674061,15768.84254927600,197.05939716975
1922,14.08612156902,15768.94519331746,158.11632245919
1923,16.29529285652,15769.04563631052,213.08860445093
1924,17.21724557048,15769.15274083591,239.18961974053
1925,15.02070378928,15769.26121395539,203.19631454711
1926,16.12844648619,15769.36485999989,208.42546214818
1927,17.36222288252,15769.47096871521,244.92429422385
1928,14.95396828141,15769.56985358677,178.19709808335
1929,16.64964014735,15769.67288782558,225.23215715711
1930,15.77899506911,15769.77939829089,223.14868827350
1931,15.61376920871,15769.88428857768,195.63996743447
1932,16.24061600133,15769.98956586365,215.45611856256
1933,12.25223295777,15770.14494730102,240.09375164996
1934,13.28764361159,15770.29812062876,160.00441727830
1935,19.43845844071,15770.39965861049,304.88030761537
1936,17.56911138088,15770.50213362329,245.96755933228
1937,15.46364355686,15770.60829574567,191.89876991856
1938,16.58110983330,15770.71711478993,221.84013025470
1939,17.41247683625,15770.82520836626,274.76424993738
1940,15.77366982687,15770.92763423260,198.27195527736
1941,16.04763505449,15771.03819725826,209.23556209009
1942,15.90895701215,15771.14055944640,203.73405647359
1943,16.36817265220,15771.24655447098,214.66657184388
1944,17.10584893497,15771.35194582642,263.89618438523
1945,17.82433686693,15771.44954506364,259.52626218957
1946,16.88308937747,15771.55460809147,227.13873723758
1947,16.92952231289,15771.65716816222,228.39174259412
1948,16.00016960911,15771.76240821333,208.00220491839
1949,14.12938150625,15771.87201346848,182.04434627404
1950,15.24681488324,15771.97799021463,184.85780621953
1951,18.31482712529,15772.08840008351,267.29610197315
1952,14.69017784314,15772.19261787936,176.28213411773
1953,16.26545259640,15772.29762222652,210.82436123904
1954,15.50920949667,15772.40046945899,219.33334411879
1955,14.71625330228,15772.50085121280,174.74582595080
1956,17.16289394506,15772.60431347756,233.44059583823
1957,14.55877852946,15772.70293605927,171.02692318240
1958,16.28187649129,15772.80617978246,215.38898036706
1959,14.92773757930,15772.91679553072,199.71951710668
1960,17.96018060563,15773.02047453568,260.26774358575
1961,17.52723312574,15773.12872625328,247.87250797298
1962,17.26628860607,15773.23141613213,239.24871299088
1963,17.78846691227,15773.33403569157,255.31253073112
1964,16.03694315810,15773.43988763290,229.05336355230
1965,17.53587097823,15773.54178155062,249.84770262284
1966,19.40037119842,15773.65049462618,299.92246036289
1967,17.57900326943,15773.75618926172,251.07838738748
1968,18.61328270738,15773.86091727690,276.07959810872
1969,16.41276968822,15773.96202482461,245.64384376544
1970,14.87751735535,15774.06293074136,177.28608015736
1971,17.93206622657,15774.17169873293,259.86032752680
1972,16.58164388249,15774.27520308791,221.84727534584
1973,16.01592776564,15774.37803688079,206.97139982717
1974,17.55150672171,15774.48411437597,279.17380467222
1975,14.69105359513,15774.59038369918,173.20496744366
1976,17.04083397925,15774.69994778877,233.02989989804
1977,18.48589409614,15774.80527653159,272.31422451980
1978,18.80624862657,15774.91143595892,288.90707334269
1979,16.59692192746,15775.01229279517,218.29842514700
1980,14.97674312908,15775.10354092720,204.25554402352
1981,16.92012029842,15775.20910889249,232.61319610578
1982,17.62127036535,15775.31826780051,246.06764925784
1983,17.30661825274,15775.42147821205,241.67377162715
1984,17.65769262670,15775.52920101932,251.58339394030
1985,14.02522603159,15775.63698371295,176.29435755996
1986,14.91995974304,15775.74770590342,182.12131838790
1987,15.84717093836,15775.85107162974,197.29568709473
1988,14.19375685411,15775.96036106906,163.69038937351
1989,17.45687719466,15776.06524446568,246.25955761450
1990,16.16654270411,15776.16832224126,235.38841483140
1991,15.36402336717,15776.27268768355,193.12277912321
1992,16.69810789066,15776.36931973112,223.40545757868
1993,15.51400459095,15776.47668650496,193.14779952003
1994,16.30114326577,15776.58370603586,214.40806425228
1995,15.83920204435,15776.68674479097,223.43944136827
1996,17.27479607806,15776.79496523311,242.46331716183
1997,16.41006056211,15776.89994668832,214.58938694288
1998,14.92232356329,15777.00628278067,180.92355805023
1999,15.51388388943,15777.11261399937,193.14629679823
2000,15.66087280480,15777.21751783500,219.81082455290
2001,15.77219778255,15777.32474534501,203.21055336779
2002,15.77387836343,15777.42711847081,198.27457654135
2003,18.40062887663,15777.52978597601,269.80618183602
2004,16.23493706191,15777.63296851890,214.15352802211
2005,15.08978973294,15777.73323647712,206.34977109870
2006,17.47859899279,15777.84146200356,243.44871331272
2007,17.92036580738,15777.94575972994,260.92446466766
2008,16.51256497813,15778.04714906364,221.53930664385
2009,14.93000774277,15778.15184304655,176.65423393708
2010,15.10880314750,15778.25485347779,210.44127664186
2011,15.48550334613,15778.36550896868,188.38927903332
2012,17.14272195732,15778.46940591273,238.77048754930
2013,16.85714876325,15778.57482635920,228.03928168192
2014,16.25393844129,15778.67843337331,213.16840421313
2015,15.16996586256,15778.77762765644,208.55255056520
2016,18.25677438114,15778.88270058215,264.56579572733
2017,17.62212979142,15778.98297521684,252.31050110733
2018,17.02241006244,15779.08565968996,230.90320430312
2019,17.96754269861,15779.19051511297,257.25606130545
2020,16.19877959291,15779.29261900066,241.89936470950
2021,16.07039910469,15779.39886681538,205.80152402486
2022,16.23532801251,15779.50197330802,214.15868501480
2023,15.77085119726,15779.60940125740,195.71111647748
2024,12.75156052051,15779.71409410661,133.73949501883
2025,17.64642024825,15779.81727746489,277.33526362820
2026,18.13040546912,15779.92172080106,267.07755004308
2027,16.21701886922,15780.01825172310,209.57006958953
2028,17.50002284151,15780.12063550693,247.48769644300
2029,16.99325788954,15780.22654877892,232.99981325246
2030,14.55548626601,15780.32722565546,192.00005051187
2031,16.00004695026,15780.43409631489,208.00061035335
2032,15.38002556901,15780.53714051252,190.86109797840
2033,17.06976641608,15780.64123644041,230.91551997735
2034,17.05093945666,15780.74534611179,237.49210524319
2035,15.63461661615,15780.84683435323,216.07470054636
2036,16.90319592676,15780.94946965916,230.52885730884
2037,15.37236535319,15781.04646161807,192.00078172268
2038,15.31807640706,15781.15412495223,186.98095158880
2039,16.69504908855,15781.26157253946,226.46266400598
2040,16.44111796682,15781.36770684521,244.96714048974
2041,16.17515490212,15781.47137930270,205.87611092458
2042,16.53527103759,15781.57020852004,220.60803139276
2043,16.60403828807,15781.67955137881,224.00072303418
2044,17.45623920379,15781.78517627057,246.25055764570
2045,16.53490014674,15781.88416694725,244.69417669185
2046,17.05377787515,15781.98984724415,236.30407792603
2047,15.57328314734,15782.09617085527,193.25936145506
2048,17.70257064115,15782.19799013083,249.72549019608
2049,16.32813312427,15782.29955070715,216.61716440072
2050,15.60536372977,15782.40276420969,223.43480551015
2051,17.34317317025,15782.50937034112,239.68742191053
2052,15.48793868022,15782.61196837310,192.20026447060
2053,17.47886144761,15782.71991234135,243.45236888535
2054,15.37237465684,15782.83025085235,192.00089792525
2055,16.73944071055,15782.93407732722,255.51647294321
2056,15.63286838726,15783.04207606890,193.36790277615
2057,17.66673672811,15783.14487656582,250.46922148380
2058,16.83625638738,15783.24730657152,225.88208261278
2059,15.72570092997,15783.35001349002,199.53677562787
2060,14.96797153304,15783.45394958452,203.03544423018
2061,16.35529404099,15783.55849490642,211.98883945179
2062,17.77297729279,15783.66293456434,253.84889059709
2063,16.33264198697,15783.77083822965,217.90462266981
2064,16.34256911723,15783.87628405297,214.33078463075
2065,14.30582530948,15783.98247105750,184.31766565456
2066,18.13033663972,15784.09074162357,267.07653612272
2067,17.06868021657,15784.19229786452,232.15915058870
2068,15.22386005407,15784.29623677518,188.30874909763
2069,16.55338754218,15784.39969808087,218.35417835976
2070,16.09231971200,15784.50330350427,237.60025317639
2071,15.57327848783,15784.61097306861,193.25930363210
2072,16.21690727319,15784.71830502893,209.56862745098
2073,16.16980084793,15784.82853504018,213.90635896536
2074,17.78362032673,15784.93306251891,250.23771914166
2075,15.21640590626,15785.03626303026,210.84470510587
2076,17.08584994782,15785.14430561029,234.26937159304
2077,14.39996803531,15785.24399595349,167.31250916002
2078,15.76026086305,15785.34736311098,196.84559508793
2079,17.13857551973,15785.45146450394,239.94005727622
2080,16.29234311783,15785.55626425731,240.55356337131
2081,17.11467888406,15785.66318515750,233.41310030636
2082,14.97022629252,15785.76711251702,183.34707875339
2083,15.42668906746,15785.87758043972,188.30673806860
2084,16.27658694415,15785.98173735249,214.08507626932
2085,16.06358498803,15786.08495524644,208.20785798852
2086,17.96298301801,15786.18913471466,292.41617792104
2087,16.16959262707,15786.28597168636,213.90360446219
2088,16.23427811341,15786.39114339164,208.53307811344
2089,16.55827281134,15786.49678637924,222.76877727262
2090,16.85986692157,15786.59951616844,223.67141037675
2091,16.10203598200,15786.70612736136,236.10219396392
2092,15.47061587898,15786.81159380085,194.46262622065
2093,16.81107751986,15786.91769192612,226.79383497564
2094,17.74644115454,15787.01753378620,247.81556420460
2095,15.34928448441,15787.13005854981,215.43747407100
2096,16.63211273606,15787.23125743121,249.48169104088
2097,17.40633671515,15787.32826656038,238.02807463896
2098,16.46662319470,15787.42833595271,220.30840342373
2099,15.89021879214,15787.53179255952,206.57284429786
2100,15.95786153447,15787.63792523808,204.36033993787
2101,14.93820812240,15787.74619311964,200.97303601572
2102,16.56996545234,15787.84604865993,216.04591726203
2103,16.62600532128,15787.95033667678,227.35720331758
2104,16.38996938762,15788.05387795847,215.57638947521
2105,16.00825951481,15788.15866850563,209.33515646111
2106,15.67920888822,15788.26073888322,218.94823661155
2107,15.76224910957,15788.35833678586,199.37843293282
2108,18.09711066275,15788.46611445291,261.00024172915
2109,14.40582677771,15788.57268682257,168.61587939887
2110,16.16835815419,15788.68139402932,208.31472270758
2111,15.55814095457,15788.78684687045,215.57992483707
2112,16.23503770086,15788.88745023110,214.15485554104
2113,15.16852933651,15788.99444692766,188.23649875577
2114,17.96241995766,15789.09379302417,255.29395450838
2115,18.73310685630,15789.19491665531,281.62034745845
2116,17.24296911975,15789.30160523705,243.24201287785
2117,13.01551019194,15789.40584170559,148.96932311018
2118,16.28709845477,15789.50974629431,218.51435580661
2119,16.36186591335,15789.61127815648,213.33263123189
2120,16.60573071196,15789.71436482809,225.25109059891
2121,16.57851902266,15789.81876627977,220.56285013188
2122,15.23048291437,15789.91776292989,206.59632185518
2123,16.25400538038,15790.01866245184,213.16928211098
2124,18.65557010324,15790.12037479133,277.33498767518
2125,17.44924283340,15790.22246484978,247.38571334514
2126,16.10328919924,15790.32842879481,208.10035835319
2127,17.62272500798,15790.42994848546,249.22296712262
2128,16.28669886472,15790.53663545425,216.68043544375
2129,16.46409220729,15790.63992822835,239.15475344715
2130,17.93494533511,15790.73972314415,261.75190977131
2131,15.08258201798,15790.84609904020,180.99098421582
2132,15.80962864944,15790.94687826020,203.07835698435
2133,14.95393164954,15791.04645427790,178.19666156424
2134,15.45529632221,15791.14705886706,220.20407678938
2135,16.45774212705,15791.24894589847,215.84126449385
2136,15.41351027361,15791.35420633041,190.65459275889
2137,13.96680384003,15791.45595534816,157.39788565053
2138,15.41391354728,15791.56026002147,190.65958097867
2139,16.78983045227,15791.66296893881,224.63262181670
2140,17.61418904143,15791.75954999632,250.34466327170
2141,15.36931642827,15791.85919736805,214.06980676789
2142,17.93421132454,15791.95664327619,254.89303450332
2143,16.37992401469,15792.06060376008,222.18809953232
2144,18.05106431471,15792.16602696154,257.82076772508
2145,16.32446627408,15792.26328210838,209.69156601308
2146,16.53684731042,15792.36757019646,224.92544100018
2147,17.08552603221,15792.46551842431,234.26493028601
2148,15.49154368653,15792.56882012082,218.53511670331
2149,17.26795996859,15792.66983592621,232.95751618859
2150,13.49910285282,15792.76122288757,147.25782682728
2151,15.27976568673,15792.86251713293,188.38160312268
2152,18.00263714638,15792.96399878093,261.50340959793
2153,14.97304618769,15793.06886783541,182.15496862979
2154,15.79490329634,15793.17110760331,202.27345624945
2155,15.27194892874,15793.26753635175,207.72096296513
2156,18.30002633376,15793.37216598203,268.33105899338
2157,15.56389908156,15793.47381335707,194.39303722324
2158,16.44192982745,15793.57112456529,218.12684826803
2159,17.09847256635,15793.66958621695,237.53957243316
2160,16.76478511035,15793.76654976669,225.54711610467
2161,16.81217100772,15793.86992595360,222.40411742765
2162,17.61255429692,15793.97085156277,253.40052930963
2163,17.49257869484,15794.06001699591,248.61625549802
2164,17.70222686419,15794.15501121507,218.96445350908
2165,15.73732484841,15794.24942898341,198.44011577334
2166,15.62348317438,15794.34075901343,194.51079689190
2167,16.70741280124,15794.43734804689,196.26766077616
2168,16.60405808171,15794.52908947801,224.00099006504
2169,17.92763009377,15794.62190189701,252.90034447390
2170,15.42156694714,15794.71414907898,193.23167999968
2171,17.22278608562,15794.81113301975,210.23089621204
2172,18.22718157860,15794.90415705568,262.87615115537
2173,16.92009081900,15794.99617084102,232.61279083074
2174,18.28388680799,15795.09952049765,238.39271771024
2175,12.38151971431,15795.24001938639,244.51542256062
2176,16.85582640049,15795.38112600736,196.57102577823
2177,15.87116695737,15795.47197636677,203.25010764218
2178,18.14459187447,15795.56530822641,266.05194243342
2179,18.59075631053,15795.66126928465,244.52322199371
2180,15.27349882955,15795.75677466618,189.53913590711
2181,15.67384239324,15795.84608484439,195.76622874599
2182,17.42785500516,15795.93845735105,216.97504502255
2183,15.06081914178,15796.03699580768,178.20201528318
2184,15.92298782924,15796.13144021381,202.04006574696
2185,16.78830578582,15796.22529943766,206.98013454448
2186,16.71829019868,15796.31877760067,224.29940011085
2187,17.05001274381,15796.41155500829,230.01724737650
2188,17.24363913366,15796.49997692043,209.06801360821
2189,15.27351647683,15796.59767888079,189.53935490414
2190,15.36307557719,15796.69668475837,189.40871643338
2191,18.24800489833,15796.79010545003,232.25918412128
2192,12.44551710964,15796.93662424430,248.59900956041
2193,17.82281844224,15797.06927171366,224.73718939857
2194,17.26668295668,15797.16472660628,239.25417727326
2195,16.53504968114,15797.26009961995,223.68200606275
2196,16.65686562476,15797.35537381634,189.18562642265
2197,19.08691845866,15797.44444412257,258.20304702553
2198,14.01139370509,15797.54012944057,160.36773090689
2199,17.01014132385,15797.63424458648,200.54660852818
2200,17.34610528626,15797.71673176747,211.02447856379
2201,15.85765008648,15797.80810758032,204.31152928804
2202,16.02770654980,15797.90431674740,180.62307967228
2203,12.21921585305,15798.03376229545,225.64230431738
2204,18.24806025667,15798.15787217575,232.25988871790
2205,17.93351515443,15798.25555236262,226.13302182841
2206,16.47316694508,15798.34850693383,193.51589503102
2207,17.63546883281,15798.43068647921,213.81869623607
2208,19.70271113844,15798.51685219290,275.13338785025
2209,17.87683184317,15798.60397641033,224.70829189494
2210,16.85733733723,15798.69279505212,229.28457664811
2211,48.87397130136,15798.79879381502,223.96867300157
2212,14.57896390103,15798.93670566277,239.11278654024
2213,13.18152211948,15799.09959642218,241.62129154905
2214,12.21567815998,15799.25606597075,179.53307012412
2215,13.69760209316,15799.40750913265,264.89901728832
2216,12.86973589008,15799.55783681577,200.20610543899
2217,11.01143530207,15799.68860558854,242.50170740570
